#STEP MOLFRAC_DIOX
2500 0.0189798339
3000 0.0201421801
5500 0.0201421801
6000 0.0189798339
8500 0.0189798339
9000 0.0201421801
11500 0.0201421801
12000 0.0201421801
14500 0.0201421801
15000 0.0213270142
17500 0.0213270142
18000 0.0224852071
20500 0.0224852071
21000 0.024822695
23500 0.024822695
24000 0.0201660735
26500 0.0201660735
27000 0.0190023753
29500 0.0190023753
30000 0.0201660735
32500 0.0201660735
33000 0.0166666667
35500 0.0166666667
36000 0.0166865316
38500 0.0166865316
39000 0.0190249703
41500 0.0190249703
42000 0.0166666667
44500 0.0166666667
45000 0.0190023753
47500 0.0190023753
48000 0.0201660735
50500 0.0201660735
51000 0.0190023753
53500 0.0190023753
54000 0.0178359096
56500 0.0178359096
57000 0.0189798339
59500 0.0189798339
60000 0.0201421801
62500 0.0201421801
63000 0.0189349112
65500 0.0189349112
66000 0.0189349112
68500 0.0189349112
69000 0.018957346
71500 0.018957346
72000 0.0201183432
74500 0.0201183432
75000 0.0178147268
77500 0.0178147268
78000 0.0154761905
80500 0.0154761905
81000 0.0166666667
83500 0.0166666667
84000 0.0166270784
86500 0.0166270784
87000 0.0166270784
89500 0.0166270784
90000 0.0178147268
92500 0.0178147268
93000 0.0143198091
95500 0.0143198091
96000 0.0131421744
98500 0.0131421744
99000 0.0142857143
101500 0.0142857143
102000 0.0143198091
104500 0.0143198091
105000 0.0131736527
107500 0.0131736527
108000 0.0119904077
110500 0.0119904077
111000 0.0131578947
113500 0.0131578947
114000 0.0119760479
116500 0.0119760479
117000 0.0131736527
119500 0.0131736527
120000 0.0143369176
122500 0.0143369176
123000 0.0178147268
125500 0.0178147268
126000 0.0154577883
128500 0.0154577883
129000 0.0142687277
131500 0.0142687277
132000 0.0130952381
134500 0.0130952381
135000 0.0130952381
137500 0.0130952381
138000 0.0154394299
140500 0.0154394299
141000 0.0119047619
143500 0.0119047619
144000 0.0130796671
146500 0.0130796671
147000 0.013064133
149500 0.013064133
150000 0.013064133
152500 0.013064133
153000 0.0142348754
155500 0.0142348754
156000 0.0142180095
158500 0.0142180095
159000 0.0153846154
161500 0.0153846154
162000 0.0165484634
164500 0.0165484634
165000 0.0165484634
167500 0.0165484634
168000 0.0153846154
170500 0.0153846154
171000 0.0153846154
173500 0.0153846154
174000 0.0142011834
176500 0.0142011834
177000 0.0165289256
179500 0.0165289256
180000 0.0153846154
182500 0.0153846154
183000 0.0142011834
185500 0.0142011834
186000 0.0118764846
188500 0.0118764846
189000 0.0118764846
191500 0.0118764846
192000 0.0118623962
194500 0.0118623962
195000 0.0130486358
197500 0.0130486358
198000 0.0153846154
200500 0.0153846154
201000 0.0142180095
203500 0.0142180095
204000 0.0142180095
206500 0.0142180095
207000 0.0142011834
209500 0.0142011834
210000 0.0118623962
212500 0.0118623962
213000 0.0118623962
215500 0.0118623962
216000 0.0118623962
218500 0.0118623962
219000 0.0106888361
221500 0.0106888361
222000 0.0130177515
224500 0.0130177515
225000 0.0153664303
227500 0.0153664303
228000 0.0130331754
230500 0.0130331754
231000 0.0141676505
233500 0.0141676505
234000 0.0118343195
236500 0.0118343195
237000 0.0164899882
239500 0.0164899882
240000 0.0153301887
242500 0.0153301887
243000 0.0141843972
245500 0.0141843972
246000 0.00950118765
248500 0.00950118765
249000 0.0130177515
251500 0.0130177515
252000 0.016509434
254500 0.016509434
255000 0.0153482881
257500 0.0153482881
258000 0.0141843972
260500 0.0141843972
261000 0.0130331754
263500 0.0130331754
264000 0.0141843972
266500 0.0141843972
267000 0.0164705882
269500 0.0164705882
270000 0.0141342756
272500 0.0141342756
273000 0.0141342756
275500 0.0141342756
276000 0.0164512338
278500 0.0164512338
279000 0.0164705882
281500 0.0164705882
282000 0.0164705882
284500 0.0164705882
285000 0.0141509434
287500 0.0141509434
288000 0.012987013
290500 0.012987013
291000 0.0164705882
293500 0.0164705882
294000 0.0153121319
296500 0.0153121319
297000 0.0164705882
299500 0.0164705882
300000 0.0152761457
302500 0.0152761457
303000 0.015258216
305500 0.015258216
306000 0.015258216
308500 0.015258216
309000 0.0141010576
311500 0.0141010576
312000 0.0129411765
314500 0.0129411765
315000 0.0152403283
317500 0.0152403283
318000 0.0152403283
320500 0.0152403283
321000 0.0152224824
323500 0.0152224824
324000 0.014084507
326500 0.014084507
327000 0.0152224824
329500 0.0152224824
330000 0.0117508813
332500 0.0117508813
333000 0.0117508813
335500 0.0117508813
336000 0.0129107981
338500 0.0129107981
339000 0.0141010576
341500 0.0141010576
342000 0.0129411765
344500 0.0129411765
345000 0.0129564193
347500 0.0129564193
348000 0.0141176471
350500 0.0141176471
351000 0.00945626478
353500 0.00945626478
354000 0.0153121319
356500 0.0153121319
357000 0.0118063754
359500 0.0118063754
360000 0.012987013
362500 0.012987013
363000 0.012987013
365500 0.012987013
366000 0.0152941176
368500 0.0152941176
369000 0.0141509434
371500 0.0141509434
372000 0.0141509434
374500 0.0141509434
375000 0.012987013
377500 0.012987013
378000 0.0141676505
380500 0.0141676505
381000 0.0153301887
383500 0.0153301887
384000 0.0141676505
386500 0.0141676505
387000 0.0153664303
389500 0.0153664303
390000 0.0154028436
392500 0.0154028436
393000 0.0154211151
395500 0.0154211151
396000 0.0142517815
398500 0.0142517815
399000 0.0142011834
401500 0.0142011834
402000 0.0165484634
404500 0.0165484634
405000 0.0153846154
407500 0.0153846154
408000 0.0153846154
410500 0.0153846154
411000 0.0153846154
413500 0.0153846154
414000 0.0130486358
416500 0.0130486358
417000 0.0118623962
419500 0.0118623962
420000 0.00951248514
422500 0.00951248514
423000 0.0142011834
425500 0.0142011834
426000 0.0153846154
428500 0.0153846154
429000 0.0142348754
431500 0.0142348754
432000 0.0142517815
434500 0.0142517815
435000 0.0142517815
437500 0.0142517815
438000 0.0154028436
440500 0.0154028436
441000 0.0118764846
443500 0.0118764846
444000 0.0118764846
446500 0.0118764846
447000 0.0107015458
449500 0.0107015458
450000 0.00953516091
452500 0.00953516091
453000 0.0107015458
455500 0.0107015458
456000 0.0107015458
458500 0.0107015458
459000 0.0130796671
461500 0.0130796671
462000 0.0118906064
464500 0.0118906064
465000 0.013064133
467500 0.013064133
468000 0.0119047619
470500 0.0119047619
471000 0.0107142857
473500 0.0107142857
474000 0.0130952381
476500 0.0130952381
477000 0.0154577883
479500 0.0154577883
480000 0.0142687277
482500 0.0142687277
483000 0.0166073547
485500 0.0166073547
486000 0.0154211151
488500 0.0154211151
489000 0.0142517815
491500 0.0142517815
492000 0.0165876777
494500 0.0165876777
495000 0.0212014134
497500 0.0212014134
498000 0.0188679245
500500 0.0188679245
501000 0.0212014134
503500 0.0212014134
504000 0.0212014134
506500 0.0212014134
507000 0.0188902007
509500 0.0188902007
510000 0.0176678445
512500 0.0176678445
513000 0.0176886792
515500 0.0176886792
516000 0.0118623962
518500 0.0118623962
519000 0.0130331754
521500 0.0130331754
522000 0.0130331754
524500 0.0130331754
525000 0.0130177515
527500 0.0130177515
528000 0.0153482881
530500 0.0153482881
531000 0.0141843972
533500 0.0141843972
534000 0.0142180095
536500 0.0142180095
537000 0.0142517815
539500 0.0142517815
540000 0.0142348754
542500 0.0142348754
543000 0.0142180095
545500 0.0142180095
546000 0.0142180095
548500 0.0142180095
549000 0.0153664303
551500 0.0153664303
552000 0.0153482881
554500 0.0153482881
555000 0.0153482881
557500 0.0153482881
558000 0.016509434
560500 0.016509434
561000 0.0188235294
563500 0.0188235294
564000 0.0130177515
566500 0.0130177515
567000 0.0153664303
569500 0.0153664303
570000 0.0142011834
572500 0.0142011834
573000 0.0130331754
575500 0.0130331754
576000 0.0142011834
578500 0.0142011834
579000 0.0130486358
581500 0.0130486358
582000 0.0142180095
584500 0.0142180095
585000 0.0130486358
587500 0.0130486358
588000 0.0142180095
590500 0.0142180095
591000 0.0142180095
593500 0.0142180095
594000 0.0130486358
596500 0.0130486358
597000 0.0130486358
599500 0.0130486358
600000 0.0142348754
602500 0.0142348754
603000 0.0142348754
605500 0.0142348754
606000 0.0130796671
608500 0.0130796671
609000 0.0119047619
611500 0.0119047619
612000 0.0142687277
614500 0.0142687277
615000 0.0130952381
617500 0.0130952381
618000 0.0142857143
620500 0.0142857143
621000 0.0119189511
623500 0.0119189511
624000 0.00956937799
626500 0.00956937799
627000 0.0119331742
629500 0.0119331742
630000 0.0119189511
632500 0.0119189511
633000 0.0130952381
635500 0.0130952381
636000 0.0107398568
638500 0.0107398568
639000 0.0119189511
641500 0.0119189511
642000 0.010727056
644500 0.010727056
645000 0.0118623962
647500 0.0118623962
648000 0.0130331754
650500 0.0130331754
651000 0.0142348754
653500 0.0142348754
654000 0.0142348754
656500 0.0142348754
657000 0.0107142857
659500 0.0107142857
660000 0.00835322196
662500 0.00835322196
663000 0.0118906064
665500 0.0118906064
666000 0.013064133
668500 0.013064133
669000 0.0130796671
671500 0.0130796671
672000 0.0154394299
674500 0.0154394299
675000 0.0142687277
677500 0.0142687277
678000 0.0142517815
680500 0.0142517815
681000 0.0177304965
683500 0.0177304965
684000 0.0200945626
686500 0.0200945626
687000 0.0177725118
689500 0.0177725118
690000 0.0154577883
692500 0.0154577883
693000 0.0177935943
695500 0.0177935943
696000 0.0166270784
698500 0.0166270784
699000 0.0166073547
701500 0.0166073547
702000 0.0177725118
704500 0.0177725118
705000 0.0200945626
707500 0.0200945626
708000 0.0201660735
710500 0.0201660735
711000 0.0213017751
713500 0.0213017751
714000 0.0213017751
716500 0.0213017751
717000 0.0190249703
719500 0.0190249703
720000 0.0201660735
722500 0.0201660735
723000 0.0190023753
725500 0.0190023753
726000 0.0201660735
728500 0.0201660735
729000 0.0236127509
731500 0.0236127509
732000 0.0224586288
734500 0.0224586288
735000 0.0166270784
737500 0.0166270784
738000 0.0166073547
740500 0.0166073547
741000 0.0142857143
743500 0.0142857143
744000 0.0166270784
746500 0.0166270784
747000 0.0166270784
749500 0.0166270784
750000 0.016646849
752500 0.016646849
753000 0.0154577883
755500 0.0154577883
756000 0.0201183432
758500 0.0201183432
759000 0.018957346
761500 0.018957346
762000 0.0201183432
764500 0.0201183432
765000 0.0224056604
767500 0.0224056604
768000 0.0212514758
770500 0.0212514758
771000 0.0200708383
773500 0.0200708383
774000 0.0200471698
776500 0.0200471698
777000 0.0212014134
779500 0.0212014134
780000 0.0188902007
782500 0.0188902007
783000 0.0177304965
785500 0.0177304965
786000 0.0200235571
788500 0.0200235571
789000 0.0200235571
791500 0.0200235571
792000 0.0211764706
794500 0.0211764706
795000 0.02
797500 0.02
798000 0.02
800500 0.02
801000 0.0188457008
803500 0.0188457008
804000 0.02
806500 0.02
807000 0.0188679245
809500 0.0188679245
810000 0.0200708383
812500 0.0200708383
813000 0.0177514793
815500 0.0177514793
816000 0.0165876777
818500 0.0165876777
819000 0.0177514793
821500 0.0177514793
822000 0.0177514793
824500 0.0177514793
825000 0.0177725118
827500 0.0177725118
828000 0.0189349112
830500 0.0189349112
831000 0.0142687277
833500 0.0142687277
834000 0.0143027414
836500 0.0143027414
837000 0.0142857143
839500 0.0142857143
840000 0.0177514793
842500 0.0177514793
843000 0.0212514758
845500 0.0212514758
846000 0.0177304965
848500 0.0177304965
849000 0.0153846154
851500 0.0153846154
852000 0.0165484634
854500 0.0165484634
855000 0.0165680473
857500 0.0165680473
858000 0.0142348754
860500 0.0142348754
861000 0.0154028436
863500 0.0154028436
864000 0.0154028436
866500 0.0154028436
867000 0.013064133
869500 0.013064133
870000 0.0142348754
872500 0.0142348754
873000 0.0142180095
875500 0.0142180095
876000 0.013064133
878500 0.013064133
879000 0.0142180095
881500 0.0142180095
882000 0.0118623962
884500 0.0118623962
885000 0.0106635071
887500 0.0106635071
888000 0.0118343195
890500 0.0118343195
891000 0.0118063754
893500 0.0118063754
894000 0.0129716981
896500 0.0129716981
897000 0.00946745562
899500 0.00946745562
900000 0.0106382979
902500 0.0106382979
903000 0.0117924528
905500 0.0117924528
906000 0.0129564193
908500 0.0129564193
909000 0.0141176471
911500 0.0141176471
912000 0.0117647059
914500 0.0117647059
915000 0.0106007067
917500 0.0106007067
918000 0.00943396226
920500 0.00943396226
921000 0.0129411765
923500 0.0129411765
924000 0.0117647059
926500 0.0117647059
927000 0.0129259694
929500 0.0129259694
930000 0.0129411765
932500 0.0129411765
933000 0.0141010576
935500 0.0141010576
936000 0.0152403283
938500 0.0152403283
939000 0.0141010576
941500 0.0141010576
942000 0.0129259694
944500 0.0129259694
945000 0.0117647059
947500 0.0117647059
948000 0.0129259694
950500 0.0129259694
951000 0.0152224824
953500 0.0152224824
954000 0.0129259694
956500 0.0129259694
957000 0.0129259694
959500 0.0129259694
960000 0.0140679953
962500 0.0140679953
963000 0.0175029172
965500 0.0175029172
966000 0.0152046784
968500 0.0152046784
969000 0.0152046784
971500 0.0152046784
972000 0.0152046784
974500 0.0152046784
975000 0.0140515222
977500 0.0140515222
978000 0.0128805621
980500 0.0128805621
981000 0.00940070505
983500 0.00940070505
984000 0.00940070505
986500 0.00940070505
987000 0.00940070505
989500 0.00940070505
990000 0.00940070505
992500 0.00940070505
993000 0.0105509965
995500 0.0105509965
996000 0.0117233294
998500 0.0117233294
999000 0.0140350877
1001500 0.0140350877
1002000 0.0140350877
1004500 0.0140350877
1005000 0.0128956624
1007500 0.0128956624
1008000 0.0140515222
1010500 0.0140515222
1011000 0.0117508813
1013500 0.0117508813
1014000 0.0117647059
1016500 0.0117647059
1017000 0.0105633803
1019500 0.0105633803
1020000 0.00940070505
1022500 0.00940070505
1023000 0.0117233294
1025500 0.0117233294
1026000 0.0117370892
1028500 0.0117370892
1029000 0.0128805621
1031500 0.0128805621
1032000 0.00822561692
1034500 0.00822561692
1035000 0.00938967136
1037500 0.00938967136
1038000 0.00938967136
1040500 0.00938967136
1041000 0.00938967136
1043500 0.00938967136
1044000 0.00938967136
1046500 0.00938967136
1047000 0.00938967136
1049500 0.00938967136
1050000 0.0117096019
1052500 0.0117096019
1053000 0.0116959064
1055500 0.0116959064
1056000 0.0105386417
1058500 0.0105386417
1059000 0.0116959064
1061500 0.0116959064
1062000 0.0105509965
1064500 0.0105509965
1065000 0.00822561692
1067500 0.00822561692
1068000 0.00822561692
1070500 0.00822561692
1071000 0.00822561692
1073500 0.00822561692
1074000 0.0105509965
1076500 0.0105509965
1077000 0.0105509965
1079500 0.0105509965
1080000 0.0128504673
1082500 0.0128504673
1083000 0.0128504673
1085500 0.0128504673
1086000 0.0140186916
1088500 0.0140186916
1089000 0.0105263158
1091500 0.0105263158
1092000 0.0093676815
1094500 0.0093676815
1095000 0.0116959064
1097500 0.0116959064
1098000 0.0128504673
1100500 0.0128504673
1101000 0.0128354726
1103500 0.0128354726
1104000 0.011682243
1106500 0.011682243
1107000 0.013986014
1109500 0.013986014
1110000 0.0128205128
1112500 0.0128205128
1113000 0.0105140187
1115500 0.0105140187
1116000 0.0139697322
1118500 0.0139697322
1119000 0.0139697322
1121500 0.0139697322
1122000 0.00703399766
1124500 0.00703399766
1125000 0.00703399766
1127500 0.00703399766
1128000 0.00586166471
1130500 0.00586166471
1131000 0.00469483568
1133500 0.00469483568
1134000 0.00585480094
1136500 0.00585480094
1137000 0.00468933177
1139500 0.00468933177
1140000 0.00585480094
1142500 0.00585480094
1143000 0.00700934579
1145500 0.00700934579
1146000 0.00701754386
1148500 0.00701754386
1149000 0.0058685446
1151500 0.0058685446
1152000 0.00703399766
1154500 0.00703399766
1155000 0.0082063306
1157500 0.0082063306
1158000 0.0093676815
1160500 0.0093676815
1161000 0.0105386417
1163500 0.0105386417
1164000 0.00937866354
1166500 0.00937866354
1167000 0.00940070505
1169500 0.00940070505
1170000 0.00706713781
1172500 0.00706713781
1173000 0.0070754717
1175500 0.0070754717
1176000 0.00823529412
1178500 0.00823529412
1179000 0.00940070505
1181500 0.00940070505
1182000 0.00940070505
1184500 0.00940070505
1185000 0.0117096019
1187500 0.0117096019
1188000 0.0105509965
1190500 0.0105509965
1191000 0.00938967136
1193500 0.00938967136
1194000 0.00705882353
1196500 0.00705882353
1197000 0.00705882353
1199500 0.00705882353
1200000 0.00705882353
1202500 0.00705882353
1203000 0.00706713781
1205500 0.00706713781
1206000 0.00821596244
1208500 0.00821596244
1209000 0.011682243
1211500 0.011682243
1212000 0.00937866354
1214500 0.00937866354
1215000 0.0117233294
1217500 0.0117233294
1218000 0.0117233294
1220500 0.0117233294
1221000 0.0117096019
1223500 0.0117096019
1224000 0.0128654971
1226500 0.0128654971
1227000 0.00938967136
1229500 0.00938967136
1230000 0.0117096019
1232500 0.0117096019
1233000 0.0128805621
1235500 0.0128805621
1236000 0.0105633803
1238500 0.0105633803
1239000 0.0117508813
1241500 0.0117508813
1242000 0.0106007067
1244500 0.0106007067
1245000 0.00826446281
1247500 0.00826446281
1248000 0.00827423168
1250500 0.00827423168
1251000 0.00944510035
1253500 0.00944510035
1254000 0.00826446281
1256500 0.00826446281
1257000 0.00943396226
1259500 0.00943396226
1260000 0.00943396226
1262500 0.00943396226
1263000 0.0117647059
1265500 0.0117647059
1266000 0.00943396226
1268500 0.00943396226
1269000 0.0106007067
1271500 0.0106007067
1272000 0.00943396226
1274500 0.00943396226
1275000 0.00942285041
1277500 0.00942285041
1278000 0.0105882353
1280500 0.0105882353
1281000 0.0105757932
1283500 0.0105757932
1284000 0.00941176471
1286500 0.00941176471
1287000 0.00942285041
1289500 0.00942285041
1290000 0.00941176471
1292500 0.00941176471
1293000 0.0105882353
1295500 0.0105882353
1296000 0.00826446281
1298500 0.00826446281
1299000 0.00709219858
1301500 0.00709219858
1302000 0.00943396226
1304500 0.00943396226
1305000 0.00943396226
1307500 0.00943396226
1308000 0.00943396226
1310500 0.00943396226
1311000 0.0129259694
1313500 0.0129259694
1314000 0.0117647059
1316500 0.0117647059
1317000 0.0117647059
1319500 0.0117647059
1320000 0.00943396226
1322500 0.00943396226
1323000 0.0106007067
1325500 0.0106007067
1326000 0.0105882353
1328500 0.0105882353
1329000 0.0129107981
1331500 0.0129107981
1332000 0.0152046784
1334500 0.0152046784
1335000 0.0174825175
1337500 0.0174825175
1338000 0.0186263097
1340500 0.0186263097
1341000 0.0175029172
1343500 0.0175029172
1344000 0.016298021
1346500 0.016298021
1347000 0.0174621653
1349500 0.0174621653
1350000 0.0151691949
1352500 0.0151691949
1353000 0.0174621653
1355500 0.0174621653
1356000 0.018583043
1358500 0.018583043
1359000 0.0151515152
1361500 0.0151515152
1362000 0.0128504673
1364500 0.0128504673
1365000 0.0105386417
1367500 0.0105386417
1368000 0.0093676815
1370500 0.0093676815
1371000 0.0105509965
1373500 0.0105509965
1374000 0.0140186916
1376500 0.0140186916
1377000 0.0128504673
1379500 0.0128504673
1380000 0.0117096019
1382500 0.0117096019
1383000 0.0151869159
1385500 0.0151869159
1386000 0.0174825175
1388500 0.0174825175
1389000 0.0128805621
1391500 0.0128805621
1392000 0.0128805621
1394500 0.0128805621
1395000 0.0117233294
1397500 0.0117233294
1398000 0.0105633803
1400500 0.0105633803
1401000 0.0117370892
1403500 0.0117370892
1404000 0.0105882353
1406500 0.0105882353
1407000 0.0117370892
1409500 0.0117370892
1410000 0.00941176471
1412500 0.00941176471
1413000 0.0128956624
1415500 0.0128956624
1416000 0.0117508813
1418500 0.0117508813
1419000 0.0106007067
1421500 0.0106007067
1422000 0.00943396226
1424500 0.00943396226
1425000 0.0106007067
1427500 0.0106007067
1428000 0.00943396226
1430500 0.00943396226
1431000 0.0106007067
1433500 0.0106007067
1434000 0.011778563
1436500 0.011778563
1437000 0.0106007067
1439500 0.0106007067
1440000 0.0106007067
1442500 0.0106007067
1443000 0.00942285041
1445500 0.00942285041
1446000 0.00825471698
1448500 0.00825471698
1449000 0.0105882353
1451500 0.0105882353
1452000 0.0117508813
1454500 0.0117508813
1455000 0.0140679953
1457500 0.0140679953
1458000 0.014084507
1460500 0.014084507
1461000 0.0141010576
1463500 0.0141010576
1464000 0.0164319249
1466500 0.0164319249
1467000 0.0152941176
1469500 0.0152941176
1470000 0.0153121319
1472500 0.0153121319
1473000 0.0141843972
1475500 0.0141843972
1476000 0.0130177515
1478500 0.0130177515
1479000 0.00832342449
1481500 0.00832342449
1482000 0.00947867299
1484500 0.00947867299
1485000 0.0106508876
1487500 0.0106508876
1488000 0.0106382979
1490500 0.0106382979
1491000 0.0106382979
1493500 0.0106382979
1494000 0.00946745562
1496500 0.00946745562
1497000 0.0118063754
1499500 0.0118063754
1500000 0.0117924528
1502500 0.0117924528
1503000 0.0117924528
1505500 0.0117924528
1506000 0.00944510035
1508500 0.00944510035
1509000 0.0106132075
1511500 0.0106132075
1512000 0.011778563
1514500 0.011778563
1515000 0.0129564193
1517500 0.0129564193
1518000 0.0152761457
1520500 0.0152761457
1521000 0.0141342756
1523500 0.0141342756
1524000 0.0153121319
1526500 0.0153121319
1527000 0.012987013
1529500 0.012987013
1530000 0.0153121319
1532500 0.0153121319
1533000 0.0164512338
1535500 0.0164512338
1536000 0.0152941176
1538500 0.0152941176
1539000 0.0187793427
1541500 0.0187793427
1542000 0.0199530516
1544500 0.0199530516
1545000 0.02
1547500 0.02
1548000 0.0153664303
1550500 0.0153664303
1551000 0.0176470588
1553500 0.0176470588
1554000 0.0199530516
1556500 0.0199530516
1557000 0.0222482436
1559500 0.0222482436
1560000 0.0233918129
1562500 0.0233918129
1563000 0.0210526316
1565500 0.0210526316
1566000 0.0176056338
1568500 0.0176056338
1569000 0.0164512338
1571500 0.0164512338
1572000 0.0164319249
1574500 0.0164319249
1575000 0.0198830409
1577500 0.0198830409
1578000 0.0198830409
1580500 0.0198830409
1581000 0.0187134503
1583500 0.0187134503
1584000 0.0164319249
1586500 0.0164319249
1587000 0.0164319249
1589500 0.0164319249
1590000 0.0164319249
1592500 0.0164319249
1593000 0.0141176471
1595500 0.0141176471
1596000 0.0141176471
1598500 0.0141176471
1599000 0.0141176471
1601500 0.0141176471
1602000 0.0141176471
1604500 0.0141176471
1605000 0.0106257379
1607500 0.0106257379
1608000 0.0141010576
1610500 0.0141010576
1611000 0.0129411765
1613500 0.0129411765
1614000 0.0129564193
1616500 0.0129564193
1617000 0.0117924528
1619500 0.0117924528
1620000 0.0129564193
1622500 0.0129564193
1623000 0.0106382979
1625500 0.0106382979
1626000 0.0118063754
1628500 0.0118063754
1629000 0.012987013
1631500 0.012987013
1632000 0.0152941176
1634500 0.0152941176
1635000 0.0187573271
1637500 0.0187573271
1638000 0.0176056338
1640500 0.0176056338
1641000 0.0117924528
1643500 0.0117924528
1644000 0.0141176471
1646500 0.0141176471
1647000 0.0153121319
1649500 0.0153121319
1650000 0.0164512338
1652500 0.0164512338
1653000 0.0164126612
1655500 0.0164126612
1656000 0.015258216
1658500 0.015258216
1659000 0.0152403283
1661500 0.0152403283
1662000 0.011778563
1664500 0.011778563
1665000 0.0129411765
1667500 0.0129411765
1668000 0.0129564193
1670500 0.0129564193
1671000 0.011778563
1673500 0.011778563
1674000 0.0141010576
1676500 0.0141010576
1677000 0.0164126612
1679500 0.0164126612
1680000 0.0187134503
1682500 0.0187134503
1683000 0.0175438596
1685500 0.0175438596
1686000 0.0198135198
1688500 0.0198135198
1689000 0.0186480186
1691500 0.0186480186
1692000 0.0163551402
1694500 0.0163551402
1695000 0.0140515222
1697500 0.0140515222
1698000 0.0140515222
1700500 0.0140515222
1701000 0.0117508813
1703500 0.0117508813
1704000 0.0129107981
1706500 0.0129107981
1707000 0.0129107981
1709500 0.0129107981
1710000 0.0105882353
1712500 0.0105882353
1713000 0.0117508813
1715500 0.0117508813
1716000 0.0129107981
1718500 0.0129107981
1719000 0.016374269
1721500 0.016374269
1722000 0.0175233645
1724500 0.0175233645
1725000 0.0175233645
1727500 0.0175233645
1728000 0.0140515222
1730500 0.0140515222
1731000 0.0140515222
1733500 0.0140515222
1734000 0.0128956624
1736500 0.0128956624
1737000 0.0117508813
1739500 0.0117508813
1740000 0.00941176471
1742500 0.00941176471
1743000 0.00941176471
1745500 0.00941176471
1746000 0.0105882353
1748500 0.0105882353
1749000 0.0140679953
1751500 0.0140679953
1752000 0.0129107981
1754500 0.0129107981
1755000 0.0117647059
1757500 0.0117647059
1758000 0.0128956624
1760500 0.0128956624
1761000 0.0105757932
1763500 0.0105757932
1764000 0.0140679953
1766500 0.0140679953
1767000 0.0164126612
1769500 0.0164126612
1770000 0.0198598131
1772500 0.0198598131
1773000 0.0175438596
1775500 0.0175438596
1776000 0.0152403283
1778500 0.0152403283
1779000 0.0140679953
1781500 0.0140679953
1782000 0.0128956624
1784500 0.0128956624
1785000 0.0117508813
1787500 0.0117508813
1788000 0.0117647059
1790500 0.0117647059
1791000 0.014084507
1793500 0.014084507
1794000 0.0152403283
1796500 0.0152403283
1797000 0.014084507
1799500 0.014084507
1800000 0.0152403283
1802500 0.0152403283
1803000 0.0175233645
1805500 0.0175233645
1806000 0.0140679953
1808500 0.0140679953
1809000 0.0129259694
1811500 0.0129259694
1812000 0.014084507
1814500 0.014084507
1815000 0.0117508813
1817500 0.0117508813
1818000 0.0175438596
1820500 0.0175438596
1821000 0.0175644028
1823500 0.0175644028
1824000 0.0187134503
1826500 0.0187134503
1827000 0.0187134503
1829500 0.0187134503
1830000 0.0175644028
1832500 0.0175644028
1833000 0.0164512338
1835500 0.0164512338
1836000 0.0141342756
1838500 0.0141342756
1839000 0.0141342756
1841500 0.0141342756
1842000 0.0129716981
1844500 0.0129716981
1845000 0.0141176471
1847500 0.0141176471
1848000 0.0117924528
1850500 0.0117924528
1851000 0.0129564193
1853500 0.0129564193
1854000 0.0141342756
1856500 0.0141342756
1857000 0.0129564193
1859500 0.0129564193
1860000 0.0129564193
1862500 0.0129564193
1863000 0.0117924528
1865500 0.0117924528
1866000 0.0129564193
1868500 0.0129564193
1869000 0.0129564193
1871500 0.0129564193
1872000 0.0129411765
1874500 0.0129411765
1875000 0.011778563
1877500 0.011778563
1878000 0.0106132075
1880500 0.0106132075
1881000 0.0141010576
1883500 0.0141010576
1884000 0.0152761457
1886500 0.0152761457
1887000 0.0164319249
1889500 0.0164319249
1890000 0.0175849941
1892500 0.0175849941
1893000 0.0187573271
1895500 0.0187573271
1896000 0.0210280374
1898500 0.0210280374
1899000 0.0244470314
1901500 0.0244470314
1902000 0.015258216
1904500 0.015258216
1905000 0.0129564193
1907500 0.0129564193
1908000 0.0152403283
1910500 0.0152403283
1911000 0.014084507
1913500 0.014084507
1914000 0.0163934426
1916500 0.0163934426
1917000 0.0152403283
1919500 0.0152403283
1920000 0.0164126612
1922500 0.0164126612
1923000 0.0164126612
1925500 0.0164126612
1926000 0.0129411765
1928500 0.0129411765
1929000 0.015258216
1931500 0.015258216
1932000 0.0141010576
1934500 0.0141010576
1935000 0.0152761457
1937500 0.0152761457
1938000 0.0175438596
1940500 0.0175438596
1941000 0.0175438596
1943500 0.0175438596
1944000 0.0186915888
1946500 0.0186915888
1947000 0.0220930233
1949500 0.0220930233
1950000 0.0209302326
1952500 0.0209302326
1953000 0.0209302326
1955500 0.0209302326
1956000 0.0209302326
1958500 0.0209302326
1959000 0.0175233645
1961500 0.0175233645
1962000 0.0164126612
1964500 0.0164126612
1965000 0.0164126612
1967500 0.0164126612
1968000 0.0164126612
1970500 0.0164126612
1971000 0.0175438596
1973500 0.0175438596
1974000 0.0129259694
1976500 0.0129259694
1977000 0.0163934426
1979500 0.0163934426
1980000 0.015258216
1982500 0.015258216
1983000 0.015258216
1985500 0.015258216
1986000 0.0152761457
1988500 0.0152761457
1989000 0.0141176471
1991500 0.0141176471
1992000 0.0117924528
1994500 0.0117924528
1995000 0.0118063754
1997500 0.0118063754
1998000 0.0164512338
2000500 0.0164512338
2001000 0.0152941176
2003500 0.0152941176
2004000 0.0141342756
2006500 0.0141342756
2007000 0.012987013
2009500 0.012987013
2010000 0.0141509434
2012500 0.0141509434
2013000 0.0141509434
2015500 0.0141509434
2016000 0.0130177515
2018500 0.0130177515
2019000 0.00950118765
2021500 0.00950118765
2022000 0.00714285714
2024500 0.00714285714
2025000 0.0106761566
2027500 0.0106761566
2028000 0.0118483412
2030500 0.0118483412
2031000 0.0118483412
2033500 0.0118483412
2034000 0.0106508876
2036500 0.0106508876
2037000 0.00830367734
2039500 0.00830367734
2040000 0.0130177515
2042500 0.0130177515
2043000 0.0153301887
2045500 0.0153301887
2046000 0.0164899882
2048500 0.0164899882
2049000 0.0118343195
2051500 0.0118343195
2052000 0.0130023641
2054500 0.0130023641
2055000 0.0153301887
2057500 0.0153301887
2058000 0.0141676505
2060500 0.0141676505
2061000 0.0130177515
2063500 0.0130177515
2064000 0.0141843972
2066500 0.0141843972
2067000 0.0106888361
2069500 0.0106888361
2070000 0.0118623962
2072500 0.0118623962
2073000 0.0130486358
2075500 0.0130486358
2076000 0.0107142857
2078500 0.0107142857
2079000 0.010727056
2081500 0.010727056
2082000 0.0119047619
2084500 0.0119047619
2085000 0.0119047619
2087500 0.0119047619
2088000 0.0130796671
2090500 0.0130796671
2091000 0.0142517815
2093500 0.0142517815
2094000 0.0165876777
2096500 0.0165876777
2097000 0.0200471698
2099500 0.0200471698
2100000 0.0200471698
2102500 0.0200471698
2103000 0.0223792697
2105500 0.0223792697
2106000 0.0223792697
2108500 0.0223792697
2109000 0.0223792697
2111500 0.0223792697
2112000 0.0234741784
2114500 0.0234741784
2115000 0.0223529412
2117500 0.0223529412
2118000 0.0212264151
2120500 0.0212264151
2121000 0.0258215962
2123500 0.0258215962
2124000 0.0212264151
2126500 0.0212264151
2127000 0.0212765957
2129500 0.0212765957
2130000 0.0201183432
2132500 0.0201183432
2133000 0.016646849
2135500 0.016646849
2136000 0.0178147268
2138500 0.0178147268
2139000 0.0154761905
2141500 0.0154761905
2142000 0.0131264916
2144500 0.0131264916
2145000 0.0190023753
2147500 0.0190023753
2148000 0.0190023753
2150500 0.0190023753
2151000 0.0201900238
2153500 0.0201900238
2154000 0.0201900238
2156500 0.0201900238
2157000 0.0190249703
2159500 0.0190249703
2160000 0.0213270142
2162500 0.0213270142
2163000 0.0190249703
2165500 0.0190249703
2166000 0.0155131265
2168500 0.0155131265
2169000 0.019047619
2171500 0.019047619
2172000 0.0202140309
2174500 0.0202140309
2175000 0.0202140309
2177500 0.0202140309
2178000 0.0178997613
2180500 0.0178997613
2181000 0.0143712575
2183500 0.0143712575
2184000 0.0143712575
2186500 0.0143712575
2187000 0.0178784267
2189500 0.0178784267
2190000 0.0178784267
2192500 0.0178784267
2193000 0.0167064439
2195500 0.0167064439
2196000 0.0155316607
2198500 0.0155316607
2199000 0.0167264038
2201500 0.0167264038
2202000 0.0143884892
2204500 0.0143884892
2205000 0.0155502392
2207500 0.0155502392
2208000 0.0167264038
2210500 0.0167264038
2211000 0.0167264038
2213500 0.0167264038
2214000 0.017921147
2216500 0.017921147
2217000 0.01558753
2219500 0.01558753
2220000 0.0155688623
2222500 0.0155688623
2223000 0.017921147
2225500 0.017921147
2226000 0.0190930788
2228500 0.0190930788
2229000 0.0190930788
2231500 0.0190930788
2232000 0.0191158901
2234500 0.0191158901
2235000 0.0215053763
2237500 0.0215053763
2238000 0.0238948626
2240500 0.0238948626
2241000 0.0238663484
2243500 0.0238663484
2244000 0.0238663484
2246500 0.0238663484
2247000 0.0250297974
2249500 0.0250297974
2250000 0.0250297974
2252500 0.0250297974
2253000 0.0215053763
2255500 0.0215053763
2256000 0.0203349282
2258500 0.0203349282
2259000 0.0227001195
2261500 0.0227001195
2262000 0.0203349282
2264500 0.0203349282
2265000 0.0167865707
2267500 0.0167865707
2268000 0.0179640719
2270500 0.0179640719
2271000 0.0203106332
2273500 0.0203106332
2274000 0.0190930788
2276500 0.0190930788
2277000 0.0202622169
2279500 0.0202622169
2280000 0.0202622169
2282500 0.0202622169
2283000 0.0155502392
2285500 0.0155502392
2286000 0.0178784267
2288500 0.0178784267
2289000 0.0155316607
2291500 0.0155316607
2292000 0.0143369176
2294500 0.0143369176
2295000 0.0143198091
2297500 0.0143198091
2298000 0.0154761905
2300500 0.0154761905
2301000 0.016646849
2303500 0.016646849
2304000 0.0166666667
2306500 0.0166666667
2307000 0.0178359096
2309500 0.0178359096
2310000 0.0178359096
2312500 0.0178359096
2313000 0.0190023753
2315500 0.0190023753
2316000 0.0178359096
2318500 0.0178359096
2319000 0.0178359096
2321500 0.0178359096
2322000 0.0178359096
2324500 0.0178359096
2325000 0.0178359096
2327500 0.0178359096
2328000 0.0166865316
2330500 0.0166865316
2331000 0.0154946365
2333500 0.0154946365
2334000 0.0189798339
2336500 0.0189798339
2337000 0.0213017751
2339500 0.0213017751
2340000 0.0178147268
2342500 0.0178147268
2343000 0.0224321133
2345500 0.0224321133
2346000 0.0258215962
2348500 0.0258215962
2349000 0.0212264151
2351500 0.0212264151
2352000 0.0200708383
2354500 0.0200708383
2355000 0.0177514793
2357500 0.0177514793
2358000 0.0142687277
2360500 0.0142687277
2361000 0.0154028436
2363500 0.0154028436
2364000 0.0154028436
2366500 0.0154028436
2367000 0.0165680473
2369500 0.0165680473
2370000 0.0130331754
2372500 0.0130331754
2373000 0.0165289256
2375500 0.0165289256
2376000 0.0130177515
2378500 0.0130177515
2379000 0.0176678445
2381500 0.0176678445
2382000 0.0164899882
2384500 0.0164899882
2385000 0.0188014101
2387500 0.0188014101
2388000 0.0188235294
2390500 0.0188235294
2391000 0.0211515864
2393500 0.0211515864
2394000 0.02
2396500 0.02
2397000 0.0142348754
2399500 0.0142348754
2400000 0.0118906064
2402500 0.0118906064
2403000 0.013064133
2405500 0.013064133
2406000 0.0130486358
2408500 0.0130486358
2409000 0.0130331754
2411500 0.0130331754
2412000 0.0118764846
2414500 0.0118764846
2415000 0.0141843972
2417500 0.0141843972
2418000 0.0142011834
2420500 0.0142011834
2421000 0.0177095632
2423500 0.0177095632
2424000 0.0176886792
2426500 0.0176886792
2427000 0.0141843972
2429500 0.0141843972
2430000 0.0188457008
2432500 0.0188457008
2433000 0.0188014101
2435500 0.0188014101
2436000 0.0199530516
2438500 0.0199530516
2439000 0.02
2441500 0.02
2442000 0.0177304965
2444500 0.0177304965
2445000 0.0165484634
2447500 0.0165484634
2448000 0.0153846154
2450500 0.0153846154
2451000 0.0130486358
2453500 0.0130486358
2454000 0.0165484634
2456500 0.0165484634
2457000 0.0177304965
2459500 0.0177304965
2460000 0.0188679245
2462500 0.0188679245
2463000 0.02
2465500 0.02
2466000 0.0176678445
2468500 0.0176678445
2469000 0.0176470588
2471500 0.0176470588
2472000 0.0188014101
2474500 0.0188014101
2475000 0.0176056338
2477500 0.0176056338
2478000 0.0129716981
2480500 0.0129716981
2481000 0.0129564193
2483500 0.0129564193
2484000 0.0152761457
2486500 0.0152761457
2487000 0.0175849941
2489500 0.0175849941
2490000 0.0175849941
2492500 0.0175849941
2493000 0.0175644028
2495500 0.0175644028
2496000 0.018735363
2498500 0.018735363
2499000 0.0164512338
2501500 0.0164512338
2502000 0.0141342756
2504500 0.0141342756
2505000 0.0164126612
2507500 0.0164126612
2508000 0.0152761457
2510500 0.0152761457
2511000 0.0175644028
2513500 0.0175644028
2514000 0.0140679953
2516500 0.0140679953
2517000 0.0129107981
2519500 0.0129107981
2520000 0.0128956624
2522500 0.0128956624
2523000 0.0128805621
2525500 0.0128805621
2526000 0.0140186916
2528500 0.0140186916
2529000 0.0105509965
2531500 0.0105509965
2532000 0.00822561692
2534500 0.00822561692
2535000 0.00588928151
2537500 0.00588928151
2538000 0.00472255018
2540500 0.00472255018
2541000 0.00588928151
2543500 0.00588928151
2544000 0.00706713781
2546500 0.00706713781
2547000 0.00938967136
2549500 0.00938967136
2550000 0.0105386417
2552500 0.0105386417
2553000 0.0093676815
2555500 0.0093676815
2556000 0.0093676815
2558500 0.0093676815
2559000 0.00935672515
2561500 0.00935672515
2562000 0.00703399766
2564500 0.00703399766
2565000 0.00701754386
2567500 0.00701754386
2568000 0.00701754386
2570500 0.00701754386
2571000 0.00468933177
2573500 0.00468933177
2574000 0.00585480094
2576500 0.00585480094
2577000 0.00585480094
2579500 0.00585480094
2580000 0.00584795322
2582500 0.00584795322
2583000 0.008168028
2585500 0.008168028
2586000 0.00584795322
2588500 0.00584795322
2589000 0.0058685446
2591500 0.0058685446
2592000 0.00585480094
2594500 0.00585480094
2595000 0.00932400932
2597500 0.00932400932
2598000 0.00932400932
2600500 0.00932400932
2601000 0.0104772992
2603500 0.0104772992
2604000 0.0150462963
2606500 0.0150462963
2607000 0.011627907
2609500 0.011627907
2610000 0.011627907
2612500 0.011627907
2613000 0.00931315483
2615500 0.00931315483
2616000 0.00931315483
2618500 0.00931315483
2619000 0.00930232558
2621500 0.00930232558
2622000 0.00930232558
2624500 0.00930232558
2625000 0.0127462341
2627500 0.0127462341
2628000 0.0116144019
2630500 0.0116144019
2631000 0.00931315483
2633500 0.00931315483
2634000 0.0104651163
2636500 0.0104651163
2637000 0.0127314815
2639500 0.0127314815
2640000 0.0127314815
2642500 0.0127314815
2643000 0.0115874855
2645500 0.0115874855
2646000 0.0138728324
2648500 0.0138728324
2649000 0.0138728324
2651500 0.0138728324
2652000 0.0115874855
2654500 0.0115874855
2655000 0.0115740741
2657500 0.0115740741
2658000 0.0104408353
2660500 0.0104408353
2661000 0.010428737
2663500 0.010428737
2664000 0.010428737
2666500 0.010428737
2667000 0.0115340254
2669500 0.0115340254
2670000 0.00924855491
2672500 0.00924855491
2673000 0.00810185185
2675500 0.00810185185
2676000 0.00810185185
2678500 0.00810185185
2679000 0.00811123986
2681500 0.00811123986
2682000 0.00812064965
2684500 0.00812064965
2685000 0.00696864111
2687500 0.00696864111
2688000 0.00926998841
2690500 0.00926998841
2691000 0.00696864111
2693500 0.00696864111
2694000 0.00581395349
2696500 0.00581395349
2697000 0.00696864111
2699500 0.00696864111
2700000 0.0104408353
2702500 0.0104408353
2703000 0.0104408353
2705500 0.0104408353
2706000 0.00931315483
2708500 0.00931315483
2709000 0.0127610209
2711500 0.0127610209
2712000 0.0116009281
2714500 0.0116009281
2715000 0.0138888889
2717500 0.0138888889
2718000 0.0150289017
2720500 0.0150289017
2721000 0.0150462963
2723500 0.0150462963
2724000 0.0150637312
2726500 0.0150637312
2727000 0.012775842
2729500 0.012775842
2730000 0.0161849711
2732500 0.0161849711
2733000 0.0127610209
2735500 0.0127610209
2736000 0.0150462963
2738500 0.0150462963
2739000 0.0139211137
2741500 0.0139211137
2742000 0.0139372822
2744500 0.0139372822
2745000 0.0128055879
2747500 0.0128055879
2748000 0.0128205128
2750500 0.0128205128
2751000 0.0116686114
2753500 0.0116686114
2754000 0.0105140187
2756500 0.0105140187
2757000 0.0128055879
2759500 0.0128055879
2760000 0.0173611111
2762500 0.0173611111
2763000 0.0173611111
2765500 0.0173611111
2766000 0.0127906977
2768500 0.0127906977
2769000 0.0116414435
2771500 0.0116414435
2772000 0.0116414435
2774500 0.0116414435
2775000 0.00933488915
2777500 0.00933488915
2778000 0.0127906977
2780500 0.0127906977
2781000 0.012775842
2783500 0.012775842
2784000 0.0127610209
2786500 0.0127610209
2787000 0.0127610209
2789500 0.0127610209
2790000 0.0116144019
2792500 0.0116144019
2793000 0.0116144019
2795500 0.0116144019
2796000 0.0116009281
2798500 0.0116009281
2799000 0.0116009281
2801500 0.0116009281
2802000 0.0104529617
2804500 0.0104529617
2805000 0.00813953488
2807500 0.00813953488
2808000 0.00928074246
2810500 0.00928074246
2811000 0.0081300813
2813500 0.0081300813
2814000 0.00581395349
2816500 0.00581395349
2817000 0.00926998841
2819500 0.00926998841
2820000 0.00925925926
2822500 0.00925925926
2823000 0.00924855491
2825500 0.00924855491
2826000 0.00924855491
2828500 0.00924855491
2829000 0.00810185185
2831500 0.00810185185
2832000 0.00924855491
2834500 0.00924855491
2835000 0.0103926097
2837500 0.0103926097
2838000 0.00810185185
2840500 0.00810185185
2841000 0.0104046243
2843500 0.0104046243
2844000 0.0104046243
2846500 0.0104046243
2847000 0.0103926097
2849500 0.0103926097
2850000 0.0103806228
2852500 0.0103806228
2853000 0.00692041522
2855500 0.00692041522
2856000 0.00804597701
2858500 0.00804597701
2859000 0.00918484501
2861500 0.00918484501
2862000 0.0103211009
2864500 0.0103211009
2865000 0.0091954023
2867500 0.0091954023
2868000 0.00807381776
2870500 0.00807381776
2871000 0.00578034682
2873500 0.00578034682
2874000 0.00693641618
2876500 0.00693641618
2877000 0.00578703704
2879500 0.00578703704
2880000 0.00464037123
2882500 0.00464037123
2883000 0.00580046404
2885500 0.00580046404
2886000 0.00580720093
2888500 0.00580720093
2889000 0.00580720093
2891500 0.00580720093
2892000 0.00696055684
2894500 0.00696055684
2895000 0.00696055684
2897500 0.00696055684
2898000 0.00926998841
2900500 0.00926998841
2901000 0.0104166667
2903500 0.0104166667
2904000 0.010428737
2906500 0.010428737
2907000 0.0115874855
2909500 0.0115874855
2910000 0.0115740741
2912500 0.0115740741
2913000 0.0127314815
2915500 0.0127314815
2916000 0.0115874855
2918500 0.0115874855
2919000 0.0104408353
2921500 0.0104408353
2922000 0.0115740741
2924500 0.0115740741
2925000 0.014994233
2927500 0.014994233
2928000 0.0149769585
2930500 0.0149769585
2931000 0.0115606936
2933500 0.0115606936
2934000 0.0104166667
2936500 0.0104166667
2937000 0.0115740741
2939500 0.0115740741
2940000 0.0104166667
2942500 0.0104166667
2943000 0.00926998841
2945500 0.00926998841
2946000 0.0127020785
2948500 0.0127020785
2949000 0.0138568129
2951500 0.0138568129
2952000 0.010428737
2954500 0.010428737
2955000 0.00812064965
2957500 0.00812064965
2958000 0.00928074246
2960500 0.00928074246
2961000 0.00928074246
2963500 0.00928074246
2964000 0.0115740741
2966500 0.0115740741
2967000 0.0115606936
2969500 0.0115606936
2970000 0.0127020785
2972500 0.0127020785
2973000 0.0138408304
2975500 0.0138408304
2976000 0.00926998841
2978500 0.00926998841
2979000 0.0115473441
2981500 0.0115473441
2982000 0.00925925926
2984500 0.00925925926
2985000 0.00929152149
2987500 0.00929152149
2988000 0.00929152149
2990500 0.00929152149
2991000 0.0104408353
2993500 0.0104408353
2994000 0.00929152149
2996500 0.00929152149
2997000 0.00813953488
2999500 0.00813953488
3000000 0.0104408353
3002500 0.0104408353
3003000 0.0115874855
3005500 0.0115874855
3006000 0.00813953488
3008500 0.00813953488
3009000 0.00929152149
3011500 0.00929152149
3012000 0.0081300813
3014500 0.0081300813
3015000 0.00926998841
3017500 0.00926998841
3018000 0.0081300813
3020500 0.0081300813
3021000 0.0081300813
3023500 0.0081300813
3024000 0.00928074246
3026500 0.00928074246
3027000 0.00812064965
3029500 0.00812064965
3030000 0.00696864111
3032500 0.00696864111
3033000 0.0104408353
3035500 0.0104408353
3036000 0.0115606936
3038500 0.0115606936
3039000 0.0127020785
3041500 0.0127020785
3042000 0.0115606936
3044500 0.0115606936
3045000 0.0127020785
3047500 0.0127020785
3048000 0.012716763
3050500 0.012716763
3051000 0.0161290323
3053500 0.0161290323
3054000 0.0161104718
3056500 0.0161104718
3057000 0.0172413793
3059500 0.0172413793
3060000 0.0115606936
3062500 0.0115606936
3063000 0.00926998841
3065500 0.00926998841
3066000 0.00926998841
3068500 0.00926998841
3069000 0.0104166667
3071500 0.0104166667
3072000 0.0115606936
3074500 0.0115606936
3075000 0.0138568129
3077500 0.0138568129
3078000 0.012716763
3080500 0.012716763
3081000 0.0115740741
3083500 0.0115740741
3084000 0.0104166667
3086500 0.0104166667
3087000 0.0104166667
3089500 0.0104166667
3090000 0.00926998841
3092500 0.00926998841
3093000 0.00926998841
3095500 0.00926998841
3096000 0.00926998841
3098500 0.00926998841
3099000 0.0104166667
3101500 0.0104166667
3102000 0.0104166667
3104500 0.0104166667
3105000 0.00926998841
3107500 0.00926998841
3108000 0.0104166667
3110500 0.0104166667
3111000 0.0104046243
3113500 0.0104046243
3114000 0.0126874279
3116500 0.0126874279
3117000 0.0104046243
3119500 0.0104046243
3120000 0.0103806228
3122500 0.0103806228
3123000 0.00809248555
3125500 0.00809248555
3126000 0.00923787529
3128500 0.00923787529
3129000 0.00924855491
3131500 0.00924855491
3132000 0.00926998841
3134500 0.00926998841
3135000 0.0104046243
3137500 0.0104046243
3138000 0.0104166667
3140500 0.0104166667
3141000 0.0115606936
3143500 0.0115606936
3144000 0.0104046243
3146500 0.0104046243
3147000 0.00810185185
3149500 0.00810185185
3150000 0.00811123986
3152500 0.00811123986
3153000 0.00926998841
3155500 0.00926998841
3156000 0.00926998841
3158500 0.00926998841
3159000 0.010428737
3161500 0.010428737
3162000 0.0115606936
3164500 0.0115606936
3165000 0.0104046243
3167500 0.0104046243
3168000 0.0138248848
3170500 0.0138248848
3171000 0.0138408304
3173500 0.0138408304
3174000 0.0149769585
3176500 0.0149769585
3177000 0.0127020785
3179500 0.0127020785
3180000 0.012716763
3182500 0.012716763
3183000 0.0104166667
3185500 0.0104166667
3186000 0.00926998841
3188500 0.00926998841
3189000 0.010428737
3191500 0.010428737
3192000 0.0115740741
3194500 0.0115740741
3195000 0.0115740741
3197500 0.0115740741
3198000 0.0116009281
3200500 0.0116009281
3201000 0.0127462341
3203500 0.0127462341
3204000 0.0138888889
3206500 0.0138888889
3207000 0.0150462963
3209500 0.0150462963
3210000 0.0150115473
3212500 0.0150115473
3213000 0.0127314815
3215500 0.0127314815
3216000 0.0115874855
3218500 0.0115874855
3219000 0.0138728324
3221500 0.0138728324
3222000 0.0127314815
3224500 0.0127314815
3225000 0.0115606936
3227500 0.0115606936
3228000 0.010428737
3230500 0.010428737
3231000 0.010428737
3233500 0.010428737
3234000 0.012716763
3236500 0.012716763
3237000 0.0116009281
3239500 0.0116009281
3240000 0.0116009281
3242500 0.0116009281
3243000 0.00930232558
3245500 0.00930232558
3246000 0.0104529617
3248500 0.0104529617
3249000 0.00929152149
3251500 0.00929152149
3252000 0.0127314815
3254500 0.0127314815
3255000 0.0138728324
3257500 0.0138728324
3258000 0.0127314815
3260500 0.0127314815
3261000 0.0127314815
3263500 0.0127314815
3264000 0.00929152149
3266500 0.00929152149
3267000 0.00929152149
3269500 0.00929152149
3270000 0.00697674419
3272500 0.00697674419
3273000 0.00926998841
3275500 0.00926998841
3276000 0.00811123986
3278500 0.00811123986
3279000 0.00696864111
3281500 0.00696864111
3282000 0.00696864111
3284500 0.00696864111
3285000 0.0104166667
3287500 0.0104166667
3288000 0.00812064965
3290500 0.00812064965
3291000 0.00812064965
3293500 0.00812064965
3294000 0.0104166667
3296500 0.0104166667
3297000 0.00926998841
3299500 0.00926998841
3300000 0.00696055684
3302500 0.00696055684
3303000 0.00465116279
3305500 0.00465116279
3306000 0.00925925926
3308500 0.00925925926
3309000 0.00811123986
3311500 0.00811123986
3312000 0.0115606936
3314500 0.0115606936
3315000 0.0127020785
3317500 0.0127020785
3318000 0.00928074246
3320500 0.00928074246
3321000 0.00928074246
3323500 0.00928074246
3324000 0.0104408353
3326500 0.0104408353
3327000 0.00815850816
3329500 0.00815850816
3330000 0.00814901048
3332500 0.00814901048
3333000 0.00582072177
3335500 0.00582072177
3336000 0.00466200466
3338500 0.00466200466
3339000 0.00582072177
3341500 0.00582072177
3342000 0.00582072177
3344500 0.00582072177
3345000 0.00698486612
3347500 0.00698486612
3348000 0.00698486612
3350500 0.00698486612
3351000 0.0081300813
3353500 0.0081300813
3354000 0.00582072177
3356500 0.00582072177
3357000 0.00466200466
3359500 0.00466200466
3360000 0.00928074246
3362500 0.00928074246
3363000 0.00696864111
3365500 0.00696864111
3366000 0.00697674419
3368500 0.00697674419
3369000 0.00696864111
3371500 0.00696864111
3372000 0.00812064965
3374500 0.00812064965
3375000 0.00928074246
3377500 0.00928074246
3378000 0.0104408353
3380500 0.0104408353
3381000 0.00932400932
3383500 0.00932400932
3384000 0.00932400932
3386500 0.00932400932
3387000 0.0104772992
3389500 0.0104772992
3390000 0.008168028
3392500 0.008168028
3393000 0.0104895105
3395500 0.0104895105
3396000 0.0104895105
3398500 0.0104895105
3399000 0.00817757009
3401500 0.00817757009
3402000 0.011627907
3404500 0.011627907
3405000 0.011627907
3407500 0.011627907
3408000 0.012775842
3410500 0.012775842
3411000 0.012775842
3413500 0.012775842
3414000 0.0173410405
3416500 0.0173410405
3417000 0.0150812065
3419500 0.0150812065
3420000 0.0127906977
3422500 0.0127906977
3423000 0.00934579439
3425500 0.00934579439
3426000 0.0116550117
3428500 0.0116550117
3429000 0.0128055879
3431500 0.0128055879
3432000 0.0116550117
3434500 0.0116550117
3435000 0.011682243
3437500 0.011682243
3438000 0.013986014
3440500 0.013986014
3441000 0.0162601626
3443500 0.0162601626
3444000 0.0151162791
3446500 0.0151162791
3447000 0.013986014
3449500 0.013986014
3450000 0.0140023337
3452500 0.0140023337
3453000 0.0105386417
3455500 0.0105386417
3456000 0.013986014
3458500 0.013986014
3459000 0.0140023337
3461500 0.0140023337
3462000 0.0151691949
3464500 0.0151691949
3465000 0.0105509965
3467500 0.0105509965
3468000 0.0105509965
3470500 0.0105509965
3471000 0.0140186916
3473500 0.0140186916
3474000 0.0140023337
3476500 0.0140023337
3477000 0.0128654971
3479500 0.0128654971
3480000 0.0140023337
3482500 0.0140023337
3483000 0.0128805621
3485500 0.0128805621
3486000 0.0105633803
3488500 0.0105633803
3489000 0.0105757932
3491500 0.0105757932
3492000 0.0117370892
3494500 0.0117370892
3495000 0.0117370892
3497500 0.0117370892
3498000 0.0128805621
3500500 0.0128805621
3501000 0.0151515152
3503500 0.0151515152
3504000 0.0140023337
3506500 0.0140023337
3507000 0.0116959064
3509500 0.0116959064
3510000 0.0105386417
3512500 0.0105386417
3513000 0.0128504673
3515500 0.0128504673
3516000 0.0128504673
3518500 0.0128504673
3519000 0.0140023337
3521500 0.0140023337
3522000 0.016298021
3524500 0.016298021
3525000 0.0174216028
3527500 0.0174216028
3528000 0.011682243
3530500 0.011682243
3531000 0.0105263158
3533500 0.0105263158
3534000 0.0105263158
3536500 0.0105263158
3537000 0.0105386417
3539500 0.0105386417
3540000 0.0117096019
3542500 0.0117096019
3543000 0.0128654971
3545500 0.0128654971
3546000 0.0140023337
3548500 0.0140023337
3549000 0.0140186916
3551500 0.0140186916
3552000 0.016298021
3554500 0.016298021
3555000 0.018583043
3557500 0.018583043
3558000 0.0162790698
3560500 0.0162790698
3561000 0.0128504673
3563500 0.0128504673
3564000 0.0128354726
3566500 0.0128354726
3567000 0.0116686114
3569500 0.0116686114
3570000 0.0139697322
3572500 0.0139697322
3573000 0.0116686114
3575500 0.0116686114
3576000 0.0128055879
3578500 0.0128055879
3579000 0.0105017503
3581500 0.0105017503
3582000 0.0128055879
3584500 0.0128055879
3585000 0.0139534884
3587500 0.0139534884
3588000 0.0139697322
3590500 0.0139697322
3591000 0.0128055879
3593500 0.0128055879
3594000 0.0139534884
3596500 0.0139534884
3597000 0.0173812283
3599500 0.0173812283
3600000 0.0162601626
3602500 0.0162601626
3603000 0.0139697322
3605500 0.0139697322
3606000 0.0105263158
3608500 0.0105263158
3609000 0.00937866354
3611500 0.00937866354
3612000 0.0105509965
3614500 0.0105509965
3615000 0.0105882353
3617500 0.0105882353
3618000 0.0105757932
3620500 0.0105757932
3621000 0.0128956624
3623500 0.0128956624
3624000 0.0105757932
3626500 0.0105757932
3627000 0.0117647059
3629500 0.0117647059
3630000 0.0117647059
3632500 0.0117647059
3633000 0.0106007067
3635500 0.0106007067
3636000 0.0129259694
3638500 0.0129259694
3639000 0.0118063754
3641500 0.0118063754
3642000 0.0129716981
3644500 0.0129716981
3645000 0.0106635071
3647500 0.0106635071
3648000 0.0106635071
3650500 0.0106635071
3651000 0.0106635071
3653500 0.0106635071
3654000 0.011820331
3656500 0.011820331
3657000 0.0106508876
3659500 0.0106508876
3660000 0.00831353919
3662500 0.00831353919
3663000 0.00714285714
3665500 0.00714285714
3666000 0.00715137068
3668500 0.00715137068
3669000 0.00833333333
3671500 0.00833333333
3672000 0.00952380952
3674500 0.00952380952
3675000 0.00951248514
3677500 0.00951248514
3678000 0.0106888361
3680500 0.0106888361
3681000 0.0141843972
3683500 0.0141843972
3684000 0.016509434
3686500 0.016509434
3687000 0.0153482881
3689500 0.0153482881
3690000 0.016509434
3692500 0.016509434
3693000 0.016509434
3695500 0.016509434
3696000 0.016509434
3698500 0.016509434
3699000 0.02
3701500 0.02
3702000 0.0211267606
3704500 0.0211267606
3705000 0.02
3707500 0.02
3708000 0.0165289256
3710500 0.0165289256
3711000 0.0118623962
3713500 0.0118623962
3714000 0.0130331754
3716500 0.0130331754
3717000 0.011820331
3719500 0.011820331
3720000 0.00944510035
3722500 0.00944510035
3723000 0.0117647059
3725500 0.0117647059
3726000 0.0106007067
3728500 0.0106007067
3729000 0.00943396226
3731500 0.00943396226
3732000 0.00943396226
3734500 0.00943396226
3735000 0.0106007067
3737500 0.0106007067
3738000 0.00942285041
3740500 0.00942285041
3741000 0.00941176471
3743500 0.00941176471
3744000 0.00941176471
3746500 0.00941176471
3747000 0.00940070505
3749500 0.00940070505
3750000 0.0105882353
3752500 0.0105882353
3753000 0.00942285041
3755500 0.00942285041
3756000 0.0106007067
3758500 0.0106007067
3759000 0.00943396226
3761500 0.00943396226
3762000 0.00943396226
3764500 0.00943396226
3765000 0.0129411765
3767500 0.0129411765
3768000 0.014084507
3770500 0.014084507
3771000 0.0141176471
3773500 0.0141176471
3774000 0.0129564193
3776500 0.0129564193
3777000 0.0164319249
3779500 0.0164319249
3780000 0.0164126612
3782500 0.0164126612
3783000 0.0198598131
3785500 0.0198598131
3786000 0.0164126612
3788500 0.0164126612
3789000 0.0187134503
3791500 0.0187134503
3792000 0.0175644028
3794500 0.0175644028
3795000 0.0175438596
3797500 0.0175438596
3798000 0.0152403283
3800500 0.0152403283
3801000 0.0152224824
3803500 0.0152224824
3804000 0.0152403283
3806500 0.0152403283
3807000 0.0141010576
3809500 0.0141010576
3810000 0.014084507
3812500 0.014084507
3813000 0.0163934426
3815500 0.0163934426
3816000 0.0175438596
3818500 0.0175438596
3819000 0.0175644028
3821500 0.0175644028
3822000 0.0152941176
3824500 0.0152941176
3825000 0.0141342756
3827500 0.0141342756
3828000 0.0152941176
3830500 0.0152941176
3831000 0.0129716981
3833500 0.0129716981
3834000 0.0152941176
3836500 0.0152941176
3837000 0.0118063754
3839500 0.0118063754
3840000 0.0106257379
3842500 0.0106257379
3843000 0.012987013
3845500 0.012987013
3846000 0.0153301887
3848500 0.0153301887
3849000 0.0153121319
3851500 0.0153121319
3852000 0.0164512338
3854500 0.0164512338
3855000 0.017626322
3857500 0.017626322
3858000 0.0153121319
3860500 0.0153121319
3861000 0.0152941176
3863500 0.0152941176
3864000 0.0141342756
3866500 0.0141342756
3867000 0.0153301887
3869500 0.0153301887
3870000 0.0153301887
3872500 0.0153301887
3873000 0.0141676505
3875500 0.0141676505
3876000 0.0130177515
3878500 0.0130177515
3879000 0.0153301887
3881500 0.0153301887
3882000 0.0153301887
3884500 0.0153301887
3885000 0.0153301887
3887500 0.0153301887
3888000 0.0153301887
3890500 0.0153301887
3891000 0.0164899882
3893500 0.0164899882
3894000 0.0153301887
3896500 0.0153301887
3897000 0.0176470588
3899500 0.0176470588
3900000 0.0164899882
3902500 0.0164899882
3903000 0.0222482436
3905500 0.0222482436
3906000 0.0233918129
3908500 0.0233918129
3909000 0.0222222222
3911500 0.0222222222
3912000 0.0222222222
3914500 0.0222222222
3915000 0.0210526316
3917500 0.0210526316
3918000 0.0199063232
3920500 0.0199063232
3921000 0.0210526316
3923500 0.0210526316
3924000 0.0221962617
3926500 0.0221962617
3927000 0.0187573271
3929500 0.0187573271
3930000 0.0164705882
3932500 0.0164705882
3933000 0.0175849941
3935500 0.0175849941
3936000 0.0175849941
3938500 0.0175849941
3939000 0.018735363
3941500 0.018735363
3942000 0.0187573271
3944500 0.0187573271
3945000 0.0175849941
3947500 0.0175849941
3948000 0.0176056338
3950500 0.0176056338
3951000 0.0106635071
3953500 0.0106635071
3954000 0.0118343195
3956500 0.0118343195
3957000 0.0130023641
3959500 0.0130023641
3960000 0.0118343195
3962500 0.0118343195
3963000 0.00946745562
3965500 0.00946745562
3966000 0.011820331
3968500 0.011820331
3969000 0.00947867299
3971500 0.00947867299
3972000 0.0106508876
3974500 0.0106508876
3975000 0.011820331
3977500 0.011820331
3978000 0.012987013
3980500 0.012987013
3981000 0.0153121319
3983500 0.0153121319
3984000 0.0164705882
3986500 0.0164705882
3987000 0.0164705882
3989500 0.0164705882
3990000 0.0141509434
3992500 0.0141509434
3993000 0.0141342756
3995500 0.0141342756
3996000 0.0176056338
3998500 0.0176056338
3999000 0.0164512338
4001500 0.0164512338
4002000 0.0141843972
4004500 0.0141843972
4005000 0.0153482881
4007500 0.0153482881
4008000 0.0176678445
4010500 0.0176678445
4011000 0.0176678445
4013500 0.0176678445
4014000 0.0153301887
4016500 0.0153301887
4017000 0.0176678445
4019500 0.0176678445
4020000 0.0118483412
4022500 0.0118483412
4023000 0.0141676505
4025500 0.0141676505
4026000 0.012987013
4028500 0.012987013
4029000 0.0141176471
4031500 0.0141176471
4032000 0.0152761457
4034500 0.0152761457
4035000 0.0164319249
4037500 0.0164319249
4038000 0.0152941176
4040500 0.0152941176
4041000 0.0153121319
4043500 0.0153121319
4044000 0.0141509434
4046500 0.0141509434
4047000 0.0130023641
4049500 0.0130023641
4050000 0.0130023641
4052500 0.0130023641
4053000 0.011820331
4055500 0.011820331
4056000 0.0106508876
4058500 0.0106508876
4059000 0.0106382979
4061500 0.0106382979
4062000 0.0141342756
4064500 0.0141342756
4065000 0.0129716981
4067500 0.0129716981
4068000 0.0129716981
4070500 0.0129716981
4071000 0.0141342756
4073500 0.0141342756
4074000 0.0164705882
4076500 0.0164705882
4077000 0.0164705882
4079500 0.0164705882
4080000 0.017626322
4082500 0.017626322
4083000 0.0152941176
4085500 0.0152941176
4086000 0.0187573271
4088500 0.0187573271
4089000 0.0164512338
4091500 0.0164512338
4092000 0.0176056338
4094500 0.0176056338
4095000 0.0176470588
4097500 0.0176470588
4098000 0.0176470588
4100500 0.0176470588
4101000 0.0153121319
4103500 0.0153121319
4104000 0.017626322
4106500 0.017626322
4107000 0.017626322
4109500 0.017626322
4110000 0.0187573271
4112500 0.0187573271
4113000 0.018735363
4115500 0.018735363
4116000 0.0175849941
4118500 0.0175849941
4119000 0.0164319249
4121500 0.0164319249
4122000 0.0164319249
4124500 0.0164319249
4125000 0.0152941176
4127500 0.0152941176
4128000 0.011820331
4130500 0.011820331
4131000 0.012987013
4133500 0.012987013
4134000 0.0153301887
4136500 0.0153301887
4137000 0.0153301887
4139500 0.0153301887
4140000 0.0141509434
4142500 0.0141509434
4143000 0.0129716981
4145500 0.0129716981
4146000 0.0141342756
4148500 0.0141342756
4149000 0.0164319249
4151500 0.0164319249
4152000 0.0175849941
4154500 0.0175849941
4155000 0.01992966
4157500 0.01992966
4158000 0.01992966
4160500 0.01992966
4161000 0.0152941176
4163500 0.0152941176
4164000 0.0141176471
4166500 0.0141176471
4167000 0.0117924528
4169500 0.0117924528
4170000 0.0129564193
4172500 0.0129564193
4173000 0.0141342756
4175500 0.0141342756
4176000 0.0164512338
4178500 0.0164512338
4179000 0.0152761457
4181500 0.0152761457
4182000 0.0141342756
4184500 0.0141342756
4185000 0.0129564193
4187500 0.0129564193
4188000 0.0141176471
4190500 0.0141176471
4191000 0.00946745562
4193500 0.00946745562
4194000 0.0106257379
4196500 0.0106257379
4197000 0.0129716981
4199500 0.0129716981
4200000 0.0152761457
4202500 0.0152761457
4203000 0.0129564193
4205500 0.0129564193
4206000 0.0141010576
4208500 0.0141010576
4209000 0.0129564193
4211500 0.0129564193
4212000 0.0141342756
4214500 0.0141342756
4215000 0.0106382979
4217500 0.0106382979
4218000 0.0129564193
4220500 0.0129564193
4221000 0.0129716981
4223500 0.0129716981
4224000 0.0152941176
4226500 0.0152941176
4227000 0.0152941176
4229500 0.0152941176
4230000 0.0141509434
4232500 0.0141509434
4233000 0.0141509434
4235500 0.0141509434
4236000 0.0141176471
4238500 0.0141176471
4239000 0.0141010576
4241500 0.0141010576
4242000 0.0129259694
4244500 0.0129259694
4245000 0.0117647059
4247500 0.0117647059
4248000 0.0129564193
4250500 0.0129564193
4251000 0.0141010576
4253500 0.0141010576
4254000 0.015258216
4256500 0.015258216
4257000 0.0117233294
4259500 0.0117233294
4260000 0.0140186916
4262500 0.0140186916
4263000 0.0140186916
4265500 0.0140186916
4266000 0.0151869159
4268500 0.0151869159
4269000 0.0140350877
4271500 0.0140350877
4272000 0.0186697783
4274500 0.0186697783
4275000 0.0209545984
4277500 0.0209545984
4278000 0.0198366394
4280500 0.0198366394
4281000 0.0187134503
4283500 0.0187134503
4284000 0.0164126612
4286500 0.0164126612
4287000 0.0129411765
4289500 0.0129411765
4290000 0.0141010576
4292500 0.0141010576
4293000 0.011778563
4295500 0.011778563
4296000 0.0141010576
4298500 0.0141010576
4299000 0.016374269
4301500 0.016374269
4302000 0.0140679953
4304500 0.0140679953
4305000 0.0163934426
4307500 0.0163934426
4308000 0.0175644028
4310500 0.0175644028
4311000 0.0187134503
4313500 0.0187134503
4314000 0.0198598131
4316500 0.0198598131
4317000 0.0198598131
4319500 0.0198598131
4320000 0.018735363
4322500 0.018735363
4323000 0.0187134503
4325500 0.0187134503
4326000 0.015258216
4328500 0.015258216
4329000 0.0187134503
4331500 0.0187134503
4332000 0.0164319249
4334500 0.0164319249
4335000 0.0198598131
4337500 0.0198598131
4338000 0.015258216
4340500 0.015258216
4341000 0.0141010576
4343500 0.0141010576
4344000 0.0152761457
4346500 0.0152761457
4347000 0.0117924528
4349500 0.0117924528
4350000 0.00945626478
4352500 0.00945626478
4353000 0.00944510035
4355500 0.00944510035
4356000 0.0129411765
4358500 0.0129411765
4359000 0.0141010576
4361500 0.0141010576
4362000 0.0117647059
4364500 0.0117647059
4365000 0.014084507
4367500 0.014084507
4368000 0.0129259694
4370500 0.0129259694
4371000 0.0129259694
4373500 0.0129259694
4374000 0.0141010576
4376500 0.0141010576
4377000 0.0164126612
4379500 0.0164126612
4380000 0.0163934426
4382500 0.0163934426
4383000 0.0163934426
4385500 0.0163934426
4386000 0.0141010576
4388500 0.0141010576
4389000 0.0163934426
4391500 0.0163934426
4392000 0.0163934426
4394500 0.0163934426
4395000 0.0163934426
4397500 0.0163934426
4398000 0.014084507
4400500 0.014084507
4401000 0.0129259694
4403500 0.0129259694
4404000 0.014084507
4406500 0.014084507
4407000 0.0163934426
4409500 0.0163934426
4410000 0.0186697783
4412500 0.0186697783
4413000 0.0175233645
4415500 0.0175233645
4416000 0.016374269
4418500 0.016374269
4419000 0.0141010576
4421500 0.0141010576
4422000 0.0152403283
4424500 0.0152403283
4425000 0.0152224824
4427500 0.0152224824
4428000 0.016374269
4430500 0.016374269
4431000 0.0175438596
4433500 0.0175438596
4434000 0.0175029172
4436500 0.0175029172
4437000 0.016374269
4439500 0.016374269
4440000 0.0152046784
4442500 0.0152046784
4443000 0.0140515222
4445500 0.0140515222
4446000 0.0140515222
4448500 0.0140515222
4449000 0.0117370892
4451500 0.0117370892
4452000 0.0128805621
4454500 0.0128805621
4455000 0.0128805621
4457500 0.0128805621
4458000 0.0140350877
4460500 0.0140350877
4461000 0.00938967136
4463500 0.00938967136
4464000 0.0105509965
4466500 0.0105509965
4467000 0.00823529412
4469500 0.00823529412
4470000 0.00823529412
4472500 0.00823529412
4473000 0.00705882353
4475500 0.00705882353
4476000 0.00705882353
4478500 0.00705882353
4479000 0.00705882353
4481500 0.00705882353
4482000 0.00822561692
4484500 0.00822561692
4485000 0.0105509965
4487500 0.0105509965
4488000 0.0140350877
4490500 0.0140350877
4491000 0.0128805621
4493500 0.0128805621
4494000 0.0128654971
4496500 0.0128654971
4497000 0.0105633803
4499500 0.0105633803
4500000 0.0140350877
4502500 0.0140350877
4503000 0.0128504673
4505500 0.0128504673
4506000 0.0117096019
4508500 0.0117096019
4509000 0.013986014
4511500 0.013986014
4512000 0.0128504673
4514500 0.0128504673
4515000 0.0140186916
4517500 0.0140186916
4518000 0.0140023337
4520500 0.0140023337
4521000 0.0151338766
4523500 0.0151338766
4524000 0.0151338766
4526500 0.0151338766
4527000 0.0151162791
4529500 0.0151162791
4530000 0.0128055879
4532500 0.0128055879
4533000 0.0116550117
4535500 0.0116550117
4536000 0.0139534884
4538500 0.0139534884
4539000 0.0104895105
4541500 0.0104895105
4542000 0.0116414435
4544500 0.0116414435
4545000 0.0081871345
4547500 0.0081871345
4548000 0.00817757009
4550500 0.00817757009
4551000 0.00933488915
4553500 0.00933488915
4554000 0.00934579439
4556500 0.00934579439
4557000 0.0105017503
4559500 0.0105017503
4560000 0.0128205128
4562500 0.0128205128
4563000 0.0128055879
4565500 0.0128055879
4566000 0.0139211137
4568500 0.0139211137
4569000 0.0127610209
4571500 0.0127610209
4572000 0.0139211137
4574500 0.0139211137
4575000 0.00932400932
4577500 0.00932400932
4578000 0.0104895105
4580500 0.0104895105
4581000 0.0116550117
4583500 0.0116550117
4584000 0.00935672515
4586500 0.00935672515
4587000 0.011682243
4589500 0.011682243
4590000 0.0116959064
4592500 0.0116959064
4593000 0.0128805621
4595500 0.0128805621
4596000 0.0140515222
4598500 0.0140515222
4599000 0.0117370892
4601500 0.0117370892
4602000 0.0117233294
4604500 0.0117233294
4605000 0.0140186916
4607500 0.0140186916
4608000 0.0128805621
4610500 0.0128805621
4611000 0.0128805621
4613500 0.0128805621
4614000 0.0105633803
4616500 0.0105633803
4617000 0.0117370892
4619500 0.0117370892
4620000 0.0152046784
4622500 0.0152046784
4623000 0.0129107981
4625500 0.0129107981
4626000 0.0128805621
4628500 0.0128805621
4629000 0.0117233294
4631500 0.0117233294
4632000 0.0140350877
4634500 0.0140350877
4635000 0.0128805621
4637500 0.0128805621
4638000 0.0140350877
4640500 0.0140350877
4641000 0.0151869159
4643500 0.0151869159
4644000 0.0140186916
4646500 0.0140186916
4647000 0.0128805621
4649500 0.0128805621
4650000 0.0117096019
4652500 0.0117096019
4653000 0.0128805621
4655500 0.0128805621
4656000 0.0140350877
4658500 0.0140350877
4659000 0.0140350877
4661500 0.0140350877
4662000 0.0140350877
4664500 0.0140350877
4665000 0.0105509965
4667500 0.0105509965
4668000 0.0128654971
4670500 0.0128654971
4671000 0.0151691949
4673500 0.0151691949
4674000 0.0140186916
4676500 0.0140186916
4677000 0.0117096019
4679500 0.0117096019
4680000 0.0116959064
4682500 0.0116959064
4683000 0.0105509965
4685500 0.0105509965
4686000 0.0117096019
4688500 0.0117096019
4689000 0.0105633803
4691500 0.0105633803
4692000 0.0128805621
4694500 0.0128805621
4695000 0.0128956624
4697500 0.0128956624
4698000 0.0140515222
4700500 0.0140515222
4701000 0.016336056
4703500 0.016336056
4704000 0.016374269
4706500 0.016374269
4707000 0.0117508813
4709500 0.0117508813
4710000 0.0117647059
4712500 0.0117647059
4713000 0.0129259694
4715500 0.0129259694
4716000 0.0117647059
4718500 0.0117647059
4719000 0.014084507
4721500 0.014084507
4722000 0.0129259694
4724500 0.0129259694
4725000 0.0152224824
4727500 0.0152224824
4728000 0.0117508813
4730500 0.0117508813
4731000 0.0117370892
4733500 0.0117370892
4734000 0.0152046784
4736500 0.0152046784
4737000 0.0186915888
4739500 0.0186915888
4740000 0.0152046784
4742500 0.0152046784
4743000 0.014084507
4745500 0.014084507
4746000 0.014084507
4748500 0.014084507
4749000 0.0140679953
4751500 0.0140679953
4752000 0.0129107981
4754500 0.0129107981
4755000 0.0117647059
4757500 0.0117647059
4758000 0.0117647059
4760500 0.0117647059
4761000 0.0117647059
4763500 0.0117647059
4764000 0.014084507
4766500 0.014084507
4767000 0.0117647059
4769500 0.0117647059
4770000 0.014084507
4772500 0.014084507
4773000 0.0129259694
4775500 0.0129259694
4776000 0.0129411765
4778500 0.0129411765
4779000 0.015258216
4781500 0.015258216
4782000 0.014084507
4784500 0.014084507
4785000 0.0141010576
4787500 0.0141010576
4788000 0.0129411765
4790500 0.0129411765
4791000 0.0117508813
4793500 0.0117508813
4794000 0.0117508813
4796500 0.0117508813
4797000 0.00943396226
4799500 0.00943396226
4800000 0.0105757932
4802500 0.0105757932
4803000 0.0117370892
4805500 0.0117370892
4806000 0.0105757932
4808500 0.0105757932
4809000 0.0129107981
4811500 0.0129107981
4812000 0.0117508813
4814500 0.0117508813
4815000 0.0129107981
4817500 0.0129107981
4818000 0.0117508813
4820500 0.0117508813
4821000 0.0117508813
4823500 0.0117508813
4824000 0.0106007067
4826500 0.0106007067
4827000 0.0106007067
4829500 0.0106007067
4830000 0.0106007067
4832500 0.0106007067
4833000 0.0106132075
4835500 0.0106132075
4836000 0.0141010576
4838500 0.0141010576
4839000 0.014084507
4841500 0.014084507
4842000 0.0152224824
4844500 0.0152224824
4845000 0.0152224824
4847500 0.0152224824
4848000 0.016374269
4850500 0.016374269
4851000 0.0198366394
4853500 0.0198366394
4854000 0.0198598131
4856500 0.0198598131
4857000 0.0175644028
4859500 0.0175644028
4860000 0.015258216
4862500 0.015258216
4863000 0.0175438596
4865500 0.0175438596
4866000 0.0163934426
4868500 0.0163934426
4869000 0.0175438596
4871500 0.0175438596
4872000 0.0175438596
4874500 0.0175438596
4875000 0.015258216
4877500 0.015258216
4878000 0.0141176471
4880500 0.0141176471
4881000 0.0164512338
4883500 0.0164512338
4884000 0.0176056338
4886500 0.0176056338
4887000 0.0164512338
4889500 0.0164512338
4890000 0.0153121319
4892500 0.0153121319
4893000 0.0176056338
4895500 0.0176056338
4896000 0.0164512338
4898500 0.0164512338
4899000 0.0164705882
4901500 0.0164705882
4902000 0.0153301887
4904500 0.0153301887
4905000 0.0141676505
4907500 0.0141676505
4908000 0.0153301887
4910500 0.0153301887
4911000 0.0153301887
4913500 0.0153301887
4914000 0.0141676505
4916500 0.0141676505
4917000 0.0130023641
4919500 0.0130023641
4920000 0.0153482881
4922500 0.0153482881
4923000 0.0141843972
4925500 0.0141843972
4926000 0.0153301887
4928500 0.0153301887
4929000 0.0176678445
4931500 0.0176678445
4932000 0.0176470588
4934500 0.0176470588
4935000 0.0130177515
4937500 0.0130177515
4938000 0.0118483412
4940500 0.0118483412
4941000 0.0130331754
4943500 0.0130331754
4944000 0.0118906064
4946500 0.0118906064
4947000 0.013064133
4949500 0.013064133
4950000 0.013064133
4952500 0.013064133
4953000 0.0130796671
4955500 0.0130796671
4956000 0.0130796671
4958500 0.0130796671
4959000 0.0118906064
4961500 0.0118906064
4962000 0.0142180095
4964500 0.0142180095
4965000 0.0142011834
4967500 0.0142011834
4968000 0.0142348754
4970500 0.0142348754
4971000 0.013064133
4973500 0.013064133
4974000 0.0142348754
4976500 0.0142348754
4977000 0.0166073547
4979500 0.0166073547
4980000 0.0154394299
4982500 0.0154394299
4983000 0.0166073547
4985500 0.0166073547
4986000 0.0154394299
4988500 0.0154394299
4989000 0.0154211151
4991500 0.0154211151
4992000 0.0142687277
4994500 0.0142687277
4995000 0.0118623962
4997500 0.0118623962
4998000 0.0118623962
5000500 0.0118623962
5001000 0.0130486358
5003500 0.0130486358
5004000 0.0107015458
5006500 0.0107015458
5007000 0.0118764846
5009500 0.0118764846
5010000 0.0142180095
5012500 0.0142180095
5013000 0.0130331754
5015500 0.0130331754
5016000 0.00952380952
5018500 0.00952380952
5019000 0.0176470588
5021500 0.0176470588
5022000 0.0211267606
5024500 0.0211267606
5025000 0.0222482436
5027500 0.0222482436
5028000 0.021101993
5030500 0.021101993
5031000 0.0199530516
5033500 0.0199530516
5034000 0.02
5036500 0.02
5037000 0.0176886792
5039500 0.0176886792
5040000 0.0176886792
5042500 0.0176886792
5043000 0.0176678445
5045500 0.0176678445
5046000 0.0153664303
5048500 0.0153664303
5049000 0.0142011834
5051500 0.0142011834
5052000 0.0176886792
5054500 0.0176886792
5055000 0.0153482881
5057500 0.0153482881
5058000 0.0142011834
5060500 0.0142011834
5061000 0.0142011834
5063500 0.0142011834
5064000 0.0176886792
5066500 0.0176886792
5067000 0.0188457008
5069500 0.0188457008
5070000 0.0165289256
5072500 0.0165289256
5073000 0.0165289256
5075500 0.0165289256
5076000 0.0176678445
5078500 0.0176678445
5079000 0.0153846154
5081500 0.0153846154
5082000 0.0165484634
5084500 0.0165484634
5085000 0.0177304965
5087500 0.0177304965
5088000 0.0177514793
5090500 0.0177514793
5091000 0.0188902007
5093500 0.0188902007
5094000 0.0188902007
5096500 0.0188902007
5097000 0.0212014134
5099500 0.0212014134
5100000 0.0177304965
5102500 0.0177304965
5103000 0.0223266745
5105500 0.0223266745
5106000 0.0223266745
5108500 0.0223266745
5109000 0.0211515864
5111500 0.0211515864
5112000 0.0223004695
5114500 0.0223004695
5115000 0.0212014134
5117500 0.0212014134
5118000 0.0223792697
5120500 0.0223792697
5121000 0.0258519389
5123500 0.0258519389
5124000 0.0224056604
5126500 0.0224056604
5127000 0.0224056604
5129500 0.0224056604
5130000 0.0224321133
5132500 0.0224321133
5133000 0.0235849057
5135500 0.0235849057
5136000 0.0224321133
5138500 0.0224321133
5139000 0.0189349112
5141500 0.0189349112
5142000 0.018957346
5144500 0.018957346
5145000 0.0200945626
5147500 0.0200945626
5148000 0.0189349112
5150500 0.0189349112
5151000 0.0212514758
5153500 0.0212514758
5154000 0.018957346
5156500 0.018957346
5157000 0.0201660735
5159500 0.0201660735
5160000 0.0189798339
5162500 0.0189798339
5163000 0.0177935943
5165500 0.0177935943
5166000 0.0189125296
5168500 0.0189125296
5169000 0.0154211151
5171500 0.0154211151
5172000 0.0142348754
5174500 0.0142348754
5175000 0.0154028436
5177500 0.0154028436
5178000 0.0154211151
5180500 0.0154211151
5181000 0.0189125296
5183500 0.0189125296
5184000 0.0189125296
5186500 0.0189125296
5187000 0.0142348754
5189500 0.0142348754
5190000 0.013064133
5192500 0.013064133
5193000 0.0142348754
5195500 0.0142348754
5196000 0.0188679245
5198500 0.0188679245
5199000 0.0188679245
5201500 0.0188679245
5202000 0.0165484634
5204500 0.0165484634
5205000 0.0176886792
5207500 0.0176886792
5208000 0.0176886792
5210500 0.0176886792
5211000 0.0188235294
5213500 0.0188235294
5214000 0.016509434
5216500 0.016509434
5217000 0.0177095632
5219500 0.0177095632
5220000 0.0177095632
5222500 0.0177095632
5223000 0.0154028436
5225500 0.0154028436
5226000 0.0177304965
5228500 0.0177304965
5229000 0.0176678445
5231500 0.0176678445
5232000 0.0176678445
5234500 0.0176678445
5235000 0.0153664303
5237500 0.0153664303
5238000 0.0153846154
5240500 0.0153846154
5241000 0.0142180095
5243500 0.0142180095
5244000 0.0130486358
5246500 0.0130486358
5247000 0.0107142857
5249500 0.0107142857
5250000 0.00953516091
5252500 0.00953516091
5253000 0.00952380952
5255500 0.00952380952
5256000 0.00834326579
5258500 0.00834326579
5259000 0.00952380952
5261500 0.00952380952
5262000 0.0118483412
5264500 0.0118483412
5265000 0.00948991696
5267500 0.00948991696
5268000 0.0118483412
5270500 0.0118483412
5271000 0.0106761566
5273500 0.0106761566
5274000 0.0130177515
5276500 0.0130177515
5277000 0.0118483412
5279500 0.0118483412
5280000 0.0107015458
5282500 0.0107015458
5283000 0.0107142857
5285500 0.0107142857
5286000 0.0142180095
5288500 0.0142180095
5289000 0.0142011834
5291500 0.0142011834
5292000 0.0130486358
5294500 0.0130486358
5295000 0.0118764846
5297500 0.0118764846
5298000 0.0118623962
5300500 0.0118623962
5301000 0.0130177515
5303500 0.0130177515
5304000 0.0152941176
5306500 0.0152941176
5307000 0.01992966
5309500 0.01992966
5310000 0.01992966
5312500 0.01992966
5313000 0.0153121319
5315500 0.0153121319
5316000 0.0153301887
5318500 0.0153301887
5319000 0.0130023641
5321500 0.0130023641
5322000 0.0118343195
5324500 0.0118343195
5325000 0.011820331
5327500 0.011820331
5328000 0.011820331
5330500 0.011820331
5331000 0.0141509434
5333500 0.0141509434
5334000 0.0141342756
5336500 0.0141342756
5337000 0.0106382979
5339500 0.0106382979
5340000 0.0118063754
5342500 0.0118063754
5343000 0.0117924528
5345500 0.0117924528
5346000 0.011778563
5348500 0.011778563
5349000 0.011778563
5351500 0.011778563
5352000 0.0117924528
5354500 0.0117924528
5355000 0.0129716981
5357500 0.0129716981
5358000 0.0129716981
5360500 0.0129716981
5361000 0.0152941176
5363500 0.0152941176
5364000 0.0152941176
5366500 0.0152941176
5367000 0.0152941176
5369500 0.0152941176
5370000 0.0152941176
5372500 0.0152941176
5373000 0.0152941176
5375500 0.0152941176
5376000 0.0152941176
5378500 0.0152941176
5379000 0.0152941176
5381500 0.0152941176
5382000 0.0164705882
5384500 0.0164705882
5385000 0.017626322
5387500 0.017626322
5388000 0.0153301887
5390500 0.0153301887
5391000 0.0130177515
5393500 0.0130177515
5394000 0.0130331754
5396500 0.0130331754
5397000 0.0106888361
5399500 0.0106888361
5400000 0.0130331754
5402500 0.0130331754
5403000 0.0118623962
5405500 0.0118623962
5406000 0.0106888361
5408500 0.0106888361
5409000 0.0106888361
5411500 0.0106888361
5412000 0.0118906064
5414500 0.0118906064
5415000 0.0118906064
5417500 0.0118906064
5418000 0.0118906064
5420500 0.0118906064
5421000 0.0107015458
5423500 0.0107015458
5424000 0.0118483412
5426500 0.0118483412
5427000 0.00832342449
5429500 0.00832342449
5430000 0.00832342449
5432500 0.00832342449
5433000 0.00950118765
5435500 0.00950118765
5436000 0.0118483412
5438500 0.0118483412
5439000 0.0153482881
5441500 0.0153482881
5442000 0.0153664303
5444500 0.0153664303
5445000 0.0153664303
5447500 0.0153664303
5448000 0.0153482881
5450500 0.0153482881
5451000 0.0177095632
5453500 0.0177095632
5454000 0.0142348754
5456500 0.0142348754
5457000 0.0142348754
5459500 0.0142348754
5460000 0.0165680473
5462500 0.0165680473
5463000 0.0165680473
5465500 0.0165680473
5466000 0.013064133
5468500 0.013064133
5469000 0.0154028436
5471500 0.0154028436
5472000 0.0142348754
5474500 0.0142348754
5475000 0.0177095632
5477500 0.0177095632
5478000 0.0188679245
5480500 0.0188679245
5481000 0.0154211151
5483500 0.0154211151
5484000 0.0142348754
5486500 0.0142348754
5487000 0.0142348754
5489500 0.0142348754
5490000 0.0130486358
5492500 0.0130486358
5493000 0.0165484634
5495500 0.0165484634
5496000 0.0176886792
5498500 0.0176886792
5499000 0.016509434
5501500 0.016509434
5502000 0.016509434
5504500 0.016509434
5505000 0.0165289256
5507500 0.0165289256
5508000 0.0141843972
5510500 0.0141843972
5511000 0.0130177515
5513500 0.0130177515
5514000 0.0130331754
5516500 0.0130331754
5517000 0.0153664303
5519500 0.0153664303
5520000 0.0130177515
5522500 0.0130177515
5523000 0.0118483412
5525500 0.0118483412
5526000 0.0130177515
5528500 0.0130177515
5529000 0.0176678445
5531500 0.0176678445
5532000 0.0153846154
5534500 0.0153846154
5535000 0.0118764846
5537500 0.0118764846
5538000 0.0130486358
5540500 0.0130486358
5541000 0.0165289256
5543500 0.0165289256
5544000 0.0142011834
5546500 0.0142011834
5547000 0.016509434
5549500 0.016509434
5550000 0.0153482881
5552500 0.0153482881
5553000 0.016509434
5555500 0.016509434
5556000 0.0176470588
5558500 0.0176470588
5559000 0.0176470588
5561500 0.0176470588
5562000 0.0188235294
5564500 0.0188235294
5565000 0.0176678445
5567500 0.0176678445
5568000 0.016509434
5570500 0.016509434
5571000 0.0153301887
5573500 0.0153301887
5574000 0.011820331
5576500 0.011820331
5577000 0.0141509434
5579500 0.0141509434
5580000 0.0153482881
5582500 0.0153482881
5583000 0.0130177515
5585500 0.0130177515
5586000 0.0106761566
5588500 0.0106761566
5589000 0.00831353919
5591500 0.00831353919
5592000 0.0106761566
5594500 0.0106761566
5595000 0.0141676505
5597500 0.0141676505
5598000 0.0164705882
5600500 0.0164705882
5601000 0.0164319249
5603500 0.0164319249
5604000 0.015258216
5606500 0.015258216
5607000 0.0141010576
5609500 0.0141010576
5610000 0.0152941176
5612500 0.0152941176
5613000 0.0164512338
5615500 0.0164512338
5616000 0.01992966
5618500 0.01992966
5619000 0.0221962617
5621500 0.0221962617
5622000 0.0244755245
5624500 0.0244755245
5625000 0.0233372229
5627500 0.0233372229
5628000 0.0233100233
5630500 0.0233100233
5631000 0.0199063232
5633500 0.0199063232
5634000 0.0187573271
5636500 0.0187573271
5637000 0.0199063232
5639500 0.0199063232
5640000 0.0164899882
5642500 0.0164899882
5643000 0.0164899882
5645500 0.0164899882
5646000 0.0141676505
5648500 0.0141676505
5649000 0.0153482881
5651500 0.0153482881
5652000 0.016509434
5654500 0.016509434
5655000 0.0188014101
5657500 0.0188014101
5658000 0.01992966
5660500 0.01992966
5661000 0.0188014101
5663500 0.0188014101
5664000 0.0188457008
5666500 0.0188457008
5667000 0.0176886792
5669500 0.0176886792
5670000 0.0153664303
5672500 0.0153664303
5673000 0.0141843972
5675500 0.0141843972
5676000 0.0142180095
5678500 0.0142180095
5679000 0.0165289256
5681500 0.0165289256
5682000 0.0165289256
5684500 0.0165289256
5685000 0.0153482881
5687500 0.0153482881
5688000 0.0141843972
5690500 0.0141843972
5691000 0.0141509434
5693500 0.0141509434
5694000 0.012987013
5696500 0.012987013
5697000 0.012987013
5699500 0.012987013
5700000 0.0118343195
5702500 0.0118343195
5703000 0.0106761566
5705500 0.0106761566
5706000 0.0106761566
5708500 0.0106761566
5709000 0.0141843972
5711500 0.0141843972
5712000 0.0153482881
5714500 0.0153482881
5715000 0.0176886792
5717500 0.0176886792
5718000 0.0188902007
5720500 0.0188902007
5721000 0.0177095632
5723500 0.0177095632
5724000 0.0165876777
5726500 0.0165876777
5727000 0.0154394299
5729500 0.0154394299
5730000 0.0142517815
5732500 0.0142517815
5733000 0.0130486358
5735500 0.0130486358
5736000 0.0130486358
5738500 0.0130486358
5739000 0.0154394299
5741500 0.0154394299
5742000 0.0142687277
5744500 0.0142687277
5745000 0.0154394299
5747500 0.0154394299
5748000 0.0119189511
5750500 0.0119189511
5751000 0.0119331742
5753500 0.0119331742
5754000 0.0119331742
5756500 0.0119331742
5757000 0.0142517815
5759500 0.0142517815
5760000 0.0130952381
5762500 0.0130952381
5763000 0.0177935943
5765500 0.0177935943
5766000 0.0212765957
5768500 0.0212765957
5769000 0.0177514793
5771500 0.0177514793
5772000 0.0189125296
5774500 0.0189125296
5775000 0.0166073547
5777500 0.0166073547
5778000 0.0177935943
5780500 0.0177935943
5781000 0.0142857143
5783500 0.0142857143
5784000 0.0119047619
5786500 0.0119047619
5787000 0.0154211151
5789500 0.0154211151
5790000 0.0154577883
5792500 0.0154577883
5793000 0.0119331742
5795500 0.0119331742
5796000 0.00958083832
5798500 0.00958083832
5799000 0.0107655502
5801500 0.0107655502
5802000 0.0131264916
5804500 0.0131264916
5805000 0.0154577883
5807500 0.0154577883
5808000 0.0143027414
5810500 0.0143027414
5811000 0.0131108462
5813500 0.0131108462
5814000 0.0154577883
5816500 0.0154577883
5817000 0.0131264916
5819500 0.0131264916
5820000 0.0143027414
5822500 0.0143027414
5823000 0.0154394299
5825500 0.0154394299
5826000 0.0142517815
5828500 0.0142517815
5829000 0.0118906064
5831500 0.0118906064
5832000 0.0130796671
5834500 0.0130796671
5835000 0.0119474313
5837500 0.0119474313
5838000 0.0154577883
5840500 0.0154577883
5841000 0.016646849
5843500 0.016646849
5844000 0.0213017751
5846500 0.0213017751
5847000 0.0189798339
5849500 0.0189798339
5850000 0.0142857143
5852500 0.0142857143
5853000 0.0142857143
5855500 0.0142857143
5856000 0.0142857143
5858500 0.0142857143
5859000 0.0166073547
5861500 0.0166073547
5862000 0.0189125296
5864500 0.0189125296
5865000 0.0200945626
5867500 0.0200945626
5868000 0.018957346
5870500 0.018957346
5871000 0.0166270784
5873500 0.0166270784
5874000 0.016646849
5876500 0.016646849
5877000 0.0166270784
5879500 0.0166270784
5880000 0.0224586288
5882500 0.0224586288
5883000 0.0224852071
5885500 0.0224852071
5886000 0.0178359096
5888500 0.0178359096
5889000 0.0214030916
5891500 0.0214030916
5892000 0.0202622169
5894500 0.0202622169
5895000 0.0202622169
5897500 0.0202622169
5898000 0.0202622169
5900500 0.0202622169
5901000 0.0190930788
5903500 0.0190930788
5904000 0.0190703218
5906500 0.0190703218
5907000 0.0178784267
5909500 0.0178784267
5910000 0.0202140309
5912500 0.0202140309
5913000 0.0236966825
5915500 0.0236966825
5916000 0.0237247924
5918500 0.0237247924
5919000 0.0202140309
5921500 0.0202140309
5922000 0.0202140309
5924500 0.0202140309
5925000 0.0178997613
5927500 0.0178997613
5928000 0.0178784267
5930500 0.0178784267
5931000 0.0202140309
5933500 0.0202140309
5934000 0.0213776722
5936500 0.0213776722
5937000 0.0190703218
5939500 0.0190703218
5940000 0.0214285714
5942500 0.0214285714
5943000 0.0178997613
5945500 0.0178997613
5946000 0.0190930788
5948500 0.0190930788
5949000 0.0190930788
5951500 0.0190930788
5952000 0.0179425837
5954500 0.0179425837
5955000 0.017921147
5957500 0.017921147
5958000 0.0190930788
5960500 0.0190930788
5961000 0.021454112
5963500 0.021454112
5964000 0.0237812128
5966500 0.0237812128
5967000 0.0249406176
5969500 0.0249406176
5970000 0.0202863962
5972500 0.0202863962
5973000 0.0203106332
5975500 0.0203106332
5976000 0.0191158901
5978500 0.0191158901
5979000 0.021454112
5981500 0.021454112
5982000 0.0226190476
5984500 0.0226190476
5985000 0.0238095238
5987500 0.0238095238
5988000 0.0238379023
5990500 0.0238379023
5991000 0.022673031
5993500 0.022673031
5994000 0.0191846523
5996500 0.0191846523
5997000 0.0203349282
5999500 0.0203349282
6000000 0.0191846523
