#STEP MOLFRAC_DIOX
2500 0.0189798339
3000 0.0224586288
5500 0.0224586288
6000 0.0224586288
8500 0.0224586288
9000 0.0224586288
11500 0.0224586288
12000 0.0189798339
14500 0.0189798339
15000 0.0154761905
17500 0.0154761905
18000 0.0154761905
20500 0.0154761905
21000 0.0154761905
23500 0.0154761905
24000 0.0154577883
26500 0.0154577883
27000 0.0154577883
29500 0.0154577883
30000 0.0154577883
32500 0.0154577883
33000 0.0154394299
35500 0.0154394299
36000 0.0189349112
38500 0.0189349112
39000 0.0177725118
41500 0.0177725118
42000 0.0189349112
44500 0.0189349112
45000 0.0177935943
47500 0.0177935943
48000 0.0166270784
50500 0.0166270784
51000 0.0154577883
53500 0.0154577883
54000 0.0166270784
56500 0.0166270784
57000 0.0119189511
59500 0.0119189511
60000 0.0142517815
62500 0.0142517815
63000 0.0142517815
65500 0.0142517815
66000 0.0154211151
68500 0.0154211151
69000 0.0165680473
71500 0.0165680473
72000 0.0177304965
74500 0.0177304965
75000 0.0189125296
77500 0.0189125296
78000 0.0177514793
80500 0.0177514793
81000 0.0165680473
83500 0.0165680473
84000 0.0165876777
86500 0.0165876777
87000 0.0177304965
89500 0.0177304965
90000 0.0177304965
92500 0.0177304965
93000 0.0188679245
95500 0.0188679245
96000 0.0188679245
98500 0.0188679245
99000 0.0176886792
101500 0.0176886792
102000 0.0188457008
104500 0.0188457008
105000 0.0176886792
107500 0.0176886792
108000 0.0165289256
110500 0.0165289256
111000 0.0142180095
113500 0.0142180095
114000 0.0142348754
116500 0.0142348754
117000 0.0154028436
119500 0.0154028436
120000 0.0118906064
122500 0.0118906064
123000 0.0119047619
125500 0.0119047619
126000 0.0142687277
128500 0.0142687277
129000 0.0142687277
131500 0.0142687277
132000 0.0165876777
134500 0.0165876777
135000 0.0154394299
137500 0.0154394299
138000 0.0166073547
140500 0.0166073547
141000 0.0177935943
143500 0.0177935943
144000 0.0166270784
146500 0.0166270784
147000 0.0166073547
149500 0.0166073547
150000 0.0154394299
152500 0.0154394299
153000 0.0177725118
155500 0.0177725118
156000 0.0165876777
158500 0.0165876777
159000 0.0165876777
161500 0.0165876777
162000 0.0177514793
164500 0.0177514793
165000 0.0165876777
167500 0.0165876777
168000 0.0165876777
170500 0.0165876777
171000 0.0142517815
173500 0.0142517815
174000 0.0142687277
176500 0.0142687277
177000 0.0130952381
179500 0.0130952381
180000 0.0107398568
182500 0.0107398568
183000 0.0130952381
185500 0.0130952381
186000 0.0154394299
188500 0.0154394299
189000 0.0142348754
191500 0.0142348754
192000 0.0118906064
194500 0.0118906064
195000 0.013064133
197500 0.013064133
198000 0.0130796671
200500 0.0130796671
201000 0.0130796671
203500 0.0130796671
204000 0.0119047619
206500 0.0119047619
207000 0.0131108462
209500 0.0131108462
210000 0.018957346
212500 0.018957346
213000 0.0154577883
215500 0.0154577883
216000 0.0154577883
218500 0.0154577883
219000 0.0166073547
221500 0.0166073547
222000 0.010727056
224500 0.010727056
225000 0.0119189511
227500 0.0119189511
228000 0.0189349112
230500 0.0189349112
231000 0.0154394299
233500 0.0154394299
234000 0.0130952381
236500 0.0130952381
237000 0.0107142857
239500 0.0107142857
240000 0.0107015458
242500 0.0107015458
243000 0.00952380952
245500 0.00952380952
246000 0.0118623962
248500 0.0118623962
249000 0.0142348754
251500 0.0142348754
252000 0.0188679245
254500 0.0188679245
255000 0.0177514793
257500 0.0177514793
258000 0.0188902007
260500 0.0188902007
261000 0.0177095632
263500 0.0177095632
264000 0.0165289256
266500 0.0165289256
267000 0.016509434
269500 0.016509434
270000 0.017626322
272500 0.017626322
273000 0.0152941176
275500 0.0152941176
276000 0.0129716981
278500 0.0129716981
279000 0.0141342756
281500 0.0141342756
282000 0.011820331
284500 0.011820331
285000 0.0164705882
287500 0.0164705882
288000 0.0153301887
290500 0.0153301887
291000 0.0153121319
293500 0.0153121319
294000 0.0152761457
296500 0.0152761457
297000 0.0129564193
299500 0.0129564193
300000 0.0175849941
302500 0.0175849941
303000 0.018735363
305500 0.018735363
306000 0.0164512338
308500 0.0164512338
309000 0.0141342756
311500 0.0141342756
312000 0.0118063754
314500 0.0118063754
315000 0.0117924528
317500 0.0117924528
318000 0.0152761457
320500 0.0152761457
321000 0.0152761457
323500 0.0152761457
324000 0.0141176471
326500 0.0141176471
327000 0.0129564193
329500 0.0129564193
330000 0.0117924528
332500 0.0117924528
333000 0.0141342756
335500 0.0141342756
336000 0.0129716981
338500 0.0129716981
339000 0.0141342756
341500 0.0141342756
342000 0.0175849941
344500 0.0175849941
345000 0.0164126612
347500 0.0164126612
348000 0.0152403283
350500 0.0152403283
351000 0.0152403283
353500 0.0152403283
354000 0.015258216
356500 0.015258216
357000 0.0117508813
359500 0.0117508813
360000 0.0117370892
362500 0.0117370892
363000 0.0117370892
365500 0.0117370892
366000 0.0128956624
368500 0.0128956624
369000 0.0128805621
371500 0.0128805621
372000 0.00940070505
374500 0.00940070505
375000 0.00940070505
377500 0.00940070505
378000 0.00822561692
380500 0.00822561692
381000 0.00938967136
383500 0.00938967136
384000 0.00822561692
386500 0.00822561692
387000 0.0105509965
389500 0.0105509965
390000 0.00706713781
392500 0.00706713781
393000 0.00822561692
395500 0.00822561692
396000 0.00821596244
398500 0.00821596244
399000 0.0117096019
401500 0.0117096019
402000 0.0105509965
404500 0.0105509965
405000 0.0105509965
407500 0.0105509965
408000 0.00937866354
410500 0.00937866354
411000 0.0128354726
413500 0.0128354726
414000 0.011682243
416500 0.011682243
417000 0.0093676815
419500 0.0093676815
420000 0.0128354726
422500 0.0128354726
423000 0.0116686114
425500 0.0116686114
426000 0.011682243
428500 0.011682243
429000 0.0105509965
431500 0.0105509965
432000 0.0128205128
434500 0.0128205128
435000 0.0105017503
437500 0.0105017503
438000 0.0116550117
440500 0.0116550117
441000 0.0139697322
443500 0.0139697322
444000 0.013986014
446500 0.013986014
447000 0.0140023337
449500 0.0140023337
450000 0.0151515152
452500 0.0151515152
453000 0.0174418605
455500 0.0174418605
456000 0.0186263097
458500 0.0186263097
459000 0.0209302326
461500 0.0209302326
462000 0.0198135198
464500 0.0198135198
465000 0.016374269
467500 0.016374269
468000 0.016374269
470500 0.016374269
471000 0.0152224824
473500 0.0152224824
474000 0.016374269
476500 0.016374269
477000 0.0163551402
479500 0.0163551402
480000 0.016336056
482500 0.016336056
483000 0.0174825175
485500 0.0174825175
486000 0.0151691949
488500 0.0151691949
489000 0.0151869159
491500 0.0151869159
492000 0.0151869159
494500 0.0151869159
495000 0.0128654971
497500 0.0128654971
498000 0.0128805621
500500 0.0128805621
501000 0.0128805621
503500 0.0128805621
504000 0.0128654971
506500 0.0128654971
507000 0.0128654971
509500 0.0128654971
510000 0.011682243
512500 0.011682243
513000 0.011682243
515500 0.011682243
516000 0.011682243
518500 0.011682243
519000 0.00935672515
521500 0.00935672515
522000 0.0081871345
524500 0.0081871345
525000 0.0081871345
527500 0.0081871345
528000 0.00703399766
530500 0.00703399766
531000 0.00586166471
533500 0.00586166471
534000 0.0081871345
536500 0.0081871345
537000 0.00933488915
539500 0.00933488915
540000 0.0104895105
542500 0.0104895105
543000 0.008168028
545500 0.008168028
546000 0.008168028
548500 0.008168028
549000 0.00584795322
551500 0.00584795322
552000 0.00467836257
554500 0.00467836257
555000 0.00584795322
557500 0.00584795322
558000 0.008168028
560500 0.008168028
561000 0.00931315483
563500 0.00931315483
564000 0.0116009281
566500 0.0116009281
567000 0.00930232558
569500 0.00930232558
570000 0.00814901048
572500 0.00814901048
573000 0.00814901048
575500 0.00814901048
576000 0.00700116686
578500 0.00700116686
579000 0.00584795322
581500 0.00584795322
582000 0.00468933177
584500 0.00468933177
585000 0.00468933177
587500 0.00468933177
588000 0.00468933177
590500 0.00468933177
591000 0.00469483568
593500 0.00469483568
594000 0.00586166471
596500 0.00586166471
597000 0.00817757009
599500 0.00817757009
600000 0.00817757009
602500 0.00817757009
603000 0.0105017503
605500 0.0105017503
606000 0.0150987224
608500 0.0150987224
609000 0.0162412993
611500 0.0162412993
612000 0.0162412993
614500 0.0162412993
615000 0.0139697322
617500 0.0139697322
618000 0.0150987224
620500 0.0150987224
621000 0.0116550117
623500 0.0116550117
624000 0.0116550117
626500 0.0116550117
627000 0.011682243
629500 0.011682243
630000 0.0128055879
632500 0.0128055879
633000 0.0116686114
635500 0.0116686114
636000 0.0128055879
638500 0.0128055879
639000 0.0162412993
641500 0.0162412993
642000 0.0173611111
644500 0.0173611111
645000 0.0161849711
647500 0.0161849711
648000 0.0173010381
650500 0.0173010381
651000 0.0173210162
653500 0.0173210162
654000 0.0150462963
656500 0.0150462963
657000 0.0162037037
659500 0.0162037037
660000 0.0150812065
662500 0.0150812065
663000 0.0162037037
665500 0.0162037037
666000 0.0150637312
668500 0.0150637312
669000 0.0185185185
671500 0.0185185185
672000 0.0185185185
674500 0.0185185185
675000 0.0162224797
677500 0.0162224797
678000 0.0162224797
680500 0.0162224797
681000 0.0162412993
683500 0.0162412993
684000 0.0150987224
686500 0.0150987224
687000 0.0162412993
689500 0.0162412993
690000 0.0173611111
692500 0.0173611111
693000 0.0150987224
695500 0.0150987224
696000 0.0139534884
698500 0.0139534884
699000 0.0105017503
701500 0.0105017503
702000 0.0116414435
704500 0.0116414435
705000 0.0104895105
707500 0.0104895105
708000 0.0104772992
710500 0.0104772992
711000 0.00931315483
713500 0.00931315483
714000 0.0104772992
716500 0.0104772992
717000 0.00934579439
719500 0.00934579439
720000 0.00933488915
722500 0.00933488915
723000 0.00817757009
725500 0.00817757009
726000 0.0081871345
728500 0.0081871345
729000 0.00817757009
731500 0.00817757009
732000 0.00933488915
734500 0.00933488915
735000 0.00933488915
737500 0.00933488915
738000 0.00932400932
740500 0.00932400932
741000 0.0104408353
743500 0.0104408353
744000 0.0116009281
746500 0.0116009281
747000 0.0127462341
749500 0.0127462341
750000 0.0116009281
752500 0.0116009281
753000 0.0138888889
755500 0.0138888889
756000 0.0150289017
758500 0.0150289017
759000 0.0173010381
761500 0.0173010381
762000 0.0184331797
764500 0.0184331797
765000 0.0195627158
767500 0.0195627158
768000 0.0161849711
770500 0.0161849711
771000 0.0150289017
773500 0.0150289017
774000 0.0138888889
776500 0.0138888889
777000 0.0127314815
779500 0.0127314815
780000 0.0150115473
782500 0.0150115473
783000 0.0138728324
785500 0.0138728324
786000 0.0138728324
788500 0.0138728324
789000 0.0150115473
791500 0.0150115473
792000 0.017281106
794500 0.017281106
795000 0.017281106
797500 0.017281106
798000 0.0184119678
800500 0.0184119678
801000 0.0184119678
803500 0.0184119678
804000 0.0161104718
806500 0.0161104718
807000 0.0138408304
809500 0.0138408304
810000 0.0126728111
812500 0.0126728111
813000 0.0126728111
815500 0.0126728111
816000 0.0104046243
818500 0.0104046243
819000 0.00925925926
821500 0.00925925926
822000 0.00695249131
824500 0.00695249131
825000 0.00581395349
827500 0.00581395349
828000 0.00581395349
830500 0.00581395349
831000 0.00350058343
833500 0.00350058343
834000 0.00465657742
836500 0.00465657742
837000 0.00580720093
839500 0.00580720093
840000 0.00580720093
842500 0.00580720093
843000 0.00696055684
845500 0.00696055684
846000 0.00466200466
848500 0.00466200466
849000 0.00465657742
851500 0.00465657742
852000 0.0023364486
854500 0.0023364486
855000 0.0023364486
857500 0.0023364486
858000 0.00350058343
860500 0.00350058343
861000 0.00350058343
863500 0.00350058343
864000 0.00582750583
866500 0.00582750583
867000 0.0035046729
869500 0.0035046729
870000 0.0058411215
872500 0.0058411215
873000 0.00701754386
875500 0.00701754386
876000 0.0104895105
878500 0.0104895105
879000 0.0104895105
881500 0.0104895105
882000 0.0128055879
884500 0.0128055879
885000 0.0128205128
887500 0.0128205128
888000 0.0105017503
890500 0.0105017503
891000 0.0105140187
893500 0.0105140187
894000 0.00935672515
896500 0.00935672515
897000 0.00585480094
899500 0.00585480094
900000 0.00468933177
902500 0.00468933177
903000 0.00468933177
905500 0.00468933177
906000 0.00817757009
908500 0.00817757009
909000 0.00817757009
911500 0.00817757009
912000 0.0116414435
914500 0.0116414435
915000 0.0104895105
917500 0.0104895105
918000 0.011627907
920500 0.011627907
921000 0.012775842
923500 0.012775842
924000 0.012775842
926500 0.012775842
927000 0.0128055879
929500 0.0128055879
930000 0.0128205128
932500 0.0128205128
933000 0.0174013921
935500 0.0174013921
936000 0.0151162791
938500 0.0151162791
939000 0.0162601626
941500 0.0162601626
942000 0.0174216028
944500 0.0174216028
945000 0.0162790698
947500 0.0162790698
948000 0.0174216028
950500 0.0174216028
951000 0.0174216028
953500 0.0174216028
954000 0.0162790698
956500 0.0162790698
957000 0.0151162791
959500 0.0151162791
960000 0.0151338766
962500 0.0151338766
963000 0.0140023337
965500 0.0140023337
966000 0.0105509965
968500 0.0105509965
969000 0.0105633803
971500 0.0105633803
972000 0.0128805621
974500 0.0128805621
975000 0.0128805621
977500 0.0128805621
978000 0.0140515222
980500 0.0140515222
981000 0.0140515222
983500 0.0140515222
984000 0.0117370892
986500 0.0117370892
987000 0.0117370892
989500 0.0117370892
990000 0.0140679953
992500 0.0140679953
993000 0.0140679953
995500 0.0140679953
996000 0.0140515222
998500 0.0140515222
999000 0.0174825175
1001500 0.0174825175
1002000 0.0197674419
1004500 0.0197674419
1005000 0.0140186916
1007500 0.0140186916
1008000 0.0151515152
1010500 0.0151515152
1011000 0.0128504673
1013500 0.0128504673
1014000 0.0128504673
1016500 0.0128504673
1017000 0.00821596244
1019500 0.00821596244
1020000 0.00938967136
1022500 0.00938967136
1023000 0.00821596244
1025500 0.00821596244
1026000 0.00937866354
1028500 0.00937866354
1029000 0.00705052879
1031500 0.00705052879
1032000 0.00705052879
1034500 0.00705052879
1035000 0.0105386417
1037500 0.0105386417
1038000 0.0116959064
1040500 0.0116959064
1041000 0.0128354726
1043500 0.0128354726
1044000 0.0162790698
1046500 0.0162790698
1047000 0.0162790698
1049500 0.0162790698
1050000 0.0162790698
1052500 0.0162790698
1053000 0.0128354726
1055500 0.0128354726
1056000 0.0151338766
1058500 0.0151338766
1059000 0.0128504673
1061500 0.0128504673
1062000 0.0128654971
1064500 0.0128654971
1065000 0.0140515222
1067500 0.0140515222
1068000 0.0163551402
1070500 0.0163551402
1071000 0.0151691949
1073500 0.0151691949
1074000 0.0140515222
1076500 0.0140515222
1077000 0.0140515222
1079500 0.0140515222
1080000 0.0152224824
1082500 0.0152224824
1083000 0.016374269
1085500 0.016374269
1086000 0.0152403283
1088500 0.0152403283
1089000 0.0152224824
1091500 0.0152224824
1092000 0.0163934426
1094500 0.0163934426
1095000 0.016374269
1097500 0.016374269
1098000 0.0117647059
1100500 0.0117647059
1101000 0.0129259694
1103500 0.0129259694
1104000 0.00943396226
1106500 0.00943396226
1107000 0.00943396226
1109500 0.00943396226
1110000 0.0106132075
1112500 0.0106132075
1113000 0.0106007067
1115500 0.0106007067
1116000 0.0129107981
1118500 0.0129107981
1119000 0.0105882353
1121500 0.0105882353
1122000 0.00941176471
1124500 0.00941176471
1125000 0.00825471698
1127500 0.00825471698
1128000 0.00942285041
1130500 0.00942285041
1131000 0.0105882353
1133500 0.0105882353
1134000 0.00942285041
1136500 0.00942285041
1137000 0.0105757932
1139500 0.0105757932
1140000 0.0117096019
1142500 0.0117096019
1143000 0.0128504673
1145500 0.0128504673
1146000 0.0140023337
1148500 0.0140023337
1149000 0.0128504673
1151500 0.0128504673
1152000 0.0128654971
1154500 0.0128654971
1155000 0.0140186916
1157500 0.0140186916
1158000 0.0128504673
1160500 0.0128504673
1161000 0.0140186916
1163500 0.0140186916
1164000 0.0151691949
1166500 0.0151691949
1167000 0.0163170163
1169500 0.0163170163
1170000 0.0151691949
1172500 0.0151691949
1173000 0.0163170163
1175500 0.0163170163
1176000 0.0151515152
1178500 0.0151515152
1179000 0.0128354726
1181500 0.0128354726
1182000 0.011682243
1184500 0.011682243
1185000 0.0140186916
1187500 0.0140186916
1188000 0.0151691949
1190500 0.0151691949
1191000 0.0174621653
1193500 0.0174621653
1194000 0.016298021
1196500 0.016298021
1197000 0.016336056
1199500 0.016336056
1200000 0.0151869159
1202500 0.0151869159
1203000 0.0140350877
1205500 0.0140350877
1206000 0.0128956624
1208500 0.0128956624
1209000 0.0128805621
1211500 0.0128805621
1212000 0.0117233294
1214500 0.0117233294
1215000 0.00941176471
1217500 0.00941176471
1218000 0.0140679953
1220500 0.0140679953
1221000 0.0129107981
1223500 0.0129107981
1224000 0.014084507
1226500 0.014084507
1227000 0.0129259694
1229500 0.0129259694
1230000 0.0129411765
1232500 0.0129411765
1233000 0.0164319249
1235500 0.0164319249
1236000 0.0187134503
1238500 0.0187134503
1239000 0.0198598131
1241500 0.0198598131
1242000 0.0198598131
1244500 0.0198598131
1245000 0.015258216
1247500 0.015258216
1248000 0.0164126612
1250500 0.0164126612
1251000 0.0187134503
1253500 0.0187134503
1254000 0.0175849941
1256500 0.0175849941
1257000 0.018735363
1259500 0.018735363
1260000 0.0164512338
1262500 0.0164512338
1263000 0.0152941176
1265500 0.0152941176
1266000 0.0153121319
1268500 0.0153121319
1269000 0.017626322
1271500 0.017626322
1272000 0.0153121319
1274500 0.0153121319
1275000 0.0153301887
1277500 0.0153301887
1278000 0.016509434
1280500 0.016509434
1281000 0.0142011834
1283500 0.0142011834
1284000 0.0130331754
1286500 0.0130331754
1287000 0.0141676505
1289500 0.0141676505
1290000 0.0118343195
1292500 0.0118343195
1293000 0.00713436385
1295500 0.00713436385
1296000 0.00714285714
1298500 0.00714285714
1299000 0.0106508876
1301500 0.0106508876
1302000 0.00712589074
1304500 0.00712589074
1305000 0.00829383886
1307500 0.00829383886
1308000 0.00946745562
1310500 0.00946745562
1311000 0.00946745562
1313500 0.00946745562
1314000 0.00946745562
1316500 0.00946745562
1317000 0.0106382979
1319500 0.0106382979
1320000 0.0106382979
1322500 0.0106382979
1323000 0.0129564193
1325500 0.0129564193
1326000 0.0129259694
1328500 0.0129259694
1329000 0.0129259694
1331500 0.0129259694
1332000 0.0106007067
1334500 0.0106007067
1335000 0.0129564193
1337500 0.0129564193
1338000 0.00945626478
1340500 0.00945626478
1341000 0.0141010576
1343500 0.0141010576
1344000 0.011778563
1346500 0.011778563
1347000 0.011778563
1349500 0.011778563
1350000 0.0117508813
1352500 0.0117508813
1353000 0.0128956624
1355500 0.0128956624
1356000 0.0117233294
1358500 0.0117233294
1359000 0.0128805621
1361500 0.0128805621
1362000 0.0128805621
1364500 0.0128805621
1365000 0.0163551402
1367500 0.0163551402
1368000 0.016336056
1370500 0.016336056
1371000 0.016336056
1373500 0.016336056
1374000 0.016336056
1376500 0.016336056
1377000 0.0164126612
1379500 0.0164126612
1380000 0.0163934426
1382500 0.0163934426
1383000 0.0152403283
1385500 0.0152403283
1386000 0.0152224824
1388500 0.0152224824
1389000 0.0152403283
1391500 0.0152403283
1392000 0.0152403283
1394500 0.0152403283
1395000 0.0152403283
1397500 0.0152403283
1398000 0.0175644028
1400500 0.0175644028
1401000 0.0163551402
1403500 0.0163551402
1404000 0.0117370892
1406500 0.0117370892
1407000 0.0128956624
1409500 0.0128956624
1410000 0.0151869159
1412500 0.0151869159
1413000 0.0140186916
1415500 0.0140186916
1416000 0.0140350877
1418500 0.0140350877
1419000 0.0128654971
1421500 0.0128654971
1422000 0.0105509965
1424500 0.0105509965
1425000 0.011682243
1427500 0.011682243
1428000 0.0128354726
1430500 0.0128354726
1431000 0.0151338766
1433500 0.0151338766
1434000 0.0185399768
1436500 0.0185399768
1437000 0.0174013921
1439500 0.0174013921
1440000 0.0173812283
1442500 0.0173812283
1443000 0.019630485
1445500 0.019630485
1446000 0.0173611111
1448500 0.0173611111
1449000 0.0162224797
1451500 0.0162224797
1452000 0.0196531792
1454500 0.0196531792
1455000 0.0196759259
1457500 0.0196759259
1458000 0.0185399768
1460500 0.0185399768
1461000 0.0196759259
1463500 0.0196759259
1464000 0.0174216028
1466500 0.0174216028
1467000 0.0150987224
1469500 0.0150987224
1470000 0.0150987224
1472500 0.0150987224
1473000 0.0127462341
1475500 0.0127462341
1476000 0.0116009281
1478500 0.0116009281
1479000 0.00929152149
1481500 0.00929152149
1482000 0.0104529617
1484500 0.0104529617
1485000 0.011627907
1487500 0.011627907
1488000 0.011627907
1490500 0.011627907
1491000 0.00933488915
1493500 0.00933488915
1494000 0.00932400932
1496500 0.00932400932
1497000 0.00932400932
1499500 0.00932400932
1500000 0.00932400932
1502500 0.00932400932
1503000 0.0104651163
1505500 0.0104651163
1506000 0.0116144019
1508500 0.0116144019
1509000 0.0104895105
1511500 0.0104895105
1512000 0.0116414435
1514500 0.0116414435
1515000 0.0139372822
1517500 0.0139372822
1518000 0.012775842
1520500 0.012775842
1521000 0.0104895105
1523500 0.0104895105
1524000 0.012775842
1526500 0.012775842
1527000 0.0139049826
1529500 0.0139049826
1530000 0.0150462963
1532500 0.0150462963
1533000 0.0127610209
1535500 0.0127610209
1536000 0.0116144019
1538500 0.0116144019
1539000 0.0104651163
1541500 0.0104651163
1542000 0.011627907
1544500 0.011627907
1545000 0.0139534884
1547500 0.0139534884
1548000 0.0162790698
1550500 0.0162790698
1551000 0.018583043
1553500 0.018583043
1554000 0.0151338766
1556500 0.0151338766
1557000 0.013986014
1559500 0.013986014
1560000 0.0151515152
1562500 0.0151515152
1563000 0.0140350877
1565500 0.0140350877
1566000 0.0140023337
1568500 0.0140023337
1569000 0.0128504673
1571500 0.0128504673
1572000 0.011682243
1574500 0.011682243
1575000 0.0116686114
1577500 0.0116686114
1578000 0.0139534884
1580500 0.0139534884
1581000 0.013986014
1583500 0.013986014
1584000 0.0128205128
1586500 0.0128205128
1587000 0.00934579439
1589500 0.00934579439
1590000 0.00935672515
1592500 0.00935672515
1593000 0.00935672515
1595500 0.00935672515
1596000 0.0105140187
1598500 0.0105140187
1599000 0.0105140187
1601500 0.0105140187
1602000 0.0081871345
1604500 0.0081871345
1605000 0.0081871345
1607500 0.0081871345
1608000 0.0116414435
1610500 0.0116414435
1611000 0.0116009281
1613500 0.0116009281
1614000 0.00929152149
1616500 0.00929152149
1617000 0.0115874855
1619500 0.0115874855
1620000 0.0127314815
1622500 0.0127314815
1623000 0.0138728324
1625500 0.0138728324
1626000 0.0127462341
1628500 0.0127462341
1629000 0.0127462341
1631500 0.0127462341
1632000 0.0127462341
1634500 0.0127462341
1635000 0.0138888889
1637500 0.0138888889
1638000 0.0104529617
1640500 0.0104529617
1641000 0.00582750583
1643500 0.00582750583
1644000 0.00350877193
1646500 0.00350877193
1647000 0.0035046729
1649500 0.0035046729
1650000 0.00814901048
1652500 0.00814901048
1653000 0.00930232558
1655500 0.00930232558
1656000 0.0116009281
1658500 0.0116009281
1659000 0.0127462341
1661500 0.0127462341
1662000 0.0104529617
1664500 0.0104529617
1665000 0.00815850816
1667500 0.00815850816
1668000 0.00931315483
1670500 0.00931315483
1671000 0.0116144019
1673500 0.0116144019
1674000 0.0127610209
1676500 0.0127610209
1677000 0.0150462963
1679500 0.0150462963
1680000 0.0195852535
1682500 0.0195852535
1683000 0.0184331797
1685500 0.0184331797
1686000 0.0161662818
1688500 0.0161662818
1689000 0.0138888889
1691500 0.0138888889
1692000 0.0150637312
1694500 0.0150637312
1695000 0.0173812283
1697500 0.0173812283
1698000 0.0139372822
1700500 0.0139372822
1701000 0.0139534884
1703500 0.0139534884
1704000 0.011682243
1706500 0.011682243
1707000 0.0128354726
1709500 0.0128354726
1710000 0.011682243
1712500 0.011682243
1713000 0.011682243
1715500 0.011682243
1716000 0.0151338766
1718500 0.0151338766
1719000 0.0174418605
1721500 0.0174418605
1722000 0.016298021
1724500 0.016298021
1725000 0.0150987224
1727500 0.0150987224
1728000 0.0104772992
1730500 0.0104772992
1731000 0.00931315483
1733500 0.00931315483
1734000 0.0104651163
1736500 0.0104651163
1737000 0.0104895105
1739500 0.0104895105
1740000 0.0116414435
1742500 0.0116414435
1743000 0.0128055879
1745500 0.0128055879
1746000 0.0139534884
1748500 0.0139534884
1749000 0.0105140187
1751500 0.0105140187
1752000 0.00704225352
1754500 0.00704225352
1755000 0.0082063306
1757500 0.0082063306
1758000 0.00935672515
1760500 0.00935672515
1761000 0.00934579439
1763500 0.00934579439
1764000 0.00934579439
1766500 0.00934579439
1767000 0.0128055879
1769500 0.0128055879
1770000 0.0116550117
1772500 0.0116550117
1773000 0.0104895105
1775500 0.0104895105
1776000 0.0116414435
1778500 0.0116414435
1779000 0.0116414435
1781500 0.0116414435
1782000 0.0116550117
1784500 0.0116550117
1785000 0.012775842
1787500 0.012775842
1788000 0.0139211137
1790500 0.0139211137
1791000 0.0104651163
1793500 0.0104651163
1794000 0.0116144019
1796500 0.0116144019
1797000 0.0104529617
1799500 0.0104529617
1800000 0.0116144019
1802500 0.0116144019
1803000 0.0127462341
1805500 0.0127462341
1806000 0.0138888889
1808500 0.0138888889
1809000 0.0138888889
1811500 0.0138888889
1812000 0.00930232558
1814500 0.00930232558
1815000 0.00814901048
1817500 0.00814901048
1818000 0.0116009281
1820500 0.0116009281
1821000 0.0138888889
1823500 0.0138888889
1824000 0.0138888889
1826500 0.0138888889
1827000 0.0127610209
1829500 0.0127610209
1830000 0.0116144019
1832500 0.0116144019
1833000 0.011627907
1835500 0.011627907
1836000 0.0127906977
1838500 0.0127906977
1839000 0.0150812065
1841500 0.0150812065
1842000 0.0139372822
1844500 0.0139372822
1845000 0.0128055879
1847500 0.0128055879
1848000 0.0128055879
1850500 0.0128055879
1851000 0.0139372822
1853500 0.0139372822
1854000 0.0139211137
1856500 0.0139211137
1857000 0.012775842
1859500 0.012775842
1860000 0.012775842
1862500 0.012775842
1863000 0.0150637312
1865500 0.0150637312
1866000 0.0150637312
1868500 0.0150637312
1869000 0.0162037037
1871500 0.0162037037
1872000 0.0150812065
1874500 0.0150812065
1875000 0.0150987224
1877500 0.0150987224
1878000 0.0128055879
1880500 0.0128055879
1881000 0.0139697322
1883500 0.0139697322
1884000 0.0128205128
1886500 0.0128205128
1887000 0.0116686114
1889500 0.0116686114
1890000 0.0105140187
1892500 0.0105140187
1893000 0.0139534884
1895500 0.0139534884
1896000 0.0105017503
1898500 0.0105017503
1899000 0.0105017503
1901500 0.0105017503
1902000 0.0116550117
1904500 0.0116550117
1905000 0.0104895105
1907500 0.0104895105
1908000 0.0104895105
1910500 0.0104895105
1911000 0.0116414435
1913500 0.0116414435
1914000 0.0116414435
1916500 0.0116414435
1917000 0.0127906977
1919500 0.0127906977
1920000 0.0127906977
1922500 0.0127906977
1923000 0.0139697322
1925500 0.0139697322
1926000 0.0116550117
1928500 0.0116550117
1929000 0.0128055879
1931500 0.0128055879
1932000 0.0139534884
1934500 0.0139534884
1935000 0.013986014
1937500 0.013986014
1938000 0.0105140187
1940500 0.0105140187
1941000 0.0093676815
1943500 0.0093676815
1944000 0.0117096019
1946500 0.0117096019
1947000 0.0105386417
1949500 0.0105386417
1950000 0.00822561692
1952500 0.00822561692
1953000 0.0105386417
1955500 0.0105386417
1956000 0.0105509965
1958500 0.0105509965
1959000 0.00940070505
1961500 0.00940070505
1962000 0.00825471698
1964500 0.00825471698
1965000 0.00942285041
1967500 0.00942285041
1968000 0.0117370892
1970500 0.0117370892
1971000 0.0105757932
1973500 0.0105757932
1974000 0.0117370892
1976500 0.0117370892
1977000 0.00942285041
1979500 0.00942285041
1980000 0.00940070505
1982500 0.00940070505
1983000 0.00824499411
1985500 0.00824499411
1986000 0.00706713781
1988500 0.00706713781
1989000 0.00706713781
1991500 0.00706713781
1992000 0.00706713781
1994500 0.00706713781
1995000 0.00822561692
1997500 0.00822561692
1998000 0.00706713781
2000500 0.00706713781
2001000 0.00589622642
2003500 0.00589622642
2004000 0.00938967136
2006500 0.00938967136
2007000 0.0070754717
2009500 0.0070754717
2010000 0.00824499411
2012500 0.00824499411
2013000 0.0105633803
2015500 0.0105633803
2016000 0.0117233294
2018500 0.0117233294
2019000 0.0105633803
2021500 0.0105633803
2022000 0.0105633803
2024500 0.0105633803
2025000 0.00706713781
2027500 0.00706713781
2028000 0.00706713781
2030500 0.00706713781
2031000 0.00589622642
2033500 0.00589622642
2034000 0.00589622642
2036500 0.00589622642
2037000 0.00589622642
2039500 0.00589622642
2040000 0.00589622642
2042500 0.00589622642
2043000 0.0117096019
2045500 0.0117096019
2046000 0.0140186916
2048500 0.0140186916
2049000 0.0140350877
2051500 0.0140350877
2052000 0.0105633803
2054500 0.0105633803
2055000 0.0105882353
2057500 0.0105882353
2058000 0.0117370892
2060500 0.0117370892
2061000 0.0140350877
2063500 0.0140350877
2064000 0.0128805621
2066500 0.0128805621
2067000 0.0128654971
2069500 0.0128654971
2070000 0.0140186916
2072500 0.0140186916
2073000 0.0151691949
2075500 0.0151691949
2076000 0.0174216028
2078500 0.0174216028
2079000 0.0162601626
2081500 0.0162601626
2082000 0.0173812283
2084500 0.0173812283
2085000 0.0162601626
2087500 0.0162601626
2088000 0.0128205128
2090500 0.0128205128
2091000 0.011682243
2093500 0.011682243
2094000 0.0128805621
2096500 0.0128805621
2097000 0.0140350877
2099500 0.0140350877
2100000 0.0117370892
2102500 0.0117370892
2103000 0.0140515222
2105500 0.0140515222
2106000 0.014084507
2108500 0.014084507
2109000 0.0152403283
2111500 0.0152403283
2112000 0.0152224824
2114500 0.0152224824
2115000 0.015258216
2117500 0.015258216
2118000 0.0129411765
2120500 0.0129411765
2121000 0.0129564193
2123500 0.0129564193
2124000 0.0141342756
2126500 0.0141342756
2127000 0.0141509434
2129500 0.0141509434
2130000 0.0130023641
2132500 0.0130023641
2133000 0.0141843972
2135500 0.0141843972
2136000 0.0153482881
2138500 0.0153482881
2139000 0.0176470588
2141500 0.0176470588
2142000 0.0187793427
2144500 0.0187793427
2145000 0.01992966
2147500 0.01992966
2148000 0.0198598131
2150500 0.0198598131
2151000 0.0244470314
2153500 0.0244470314
2154000 0.0199063232
2156500 0.0199063232
2157000 0.0199063232
2159500 0.0199063232
2160000 0.017626322
2162500 0.017626322
2163000 0.0176470588
2165500 0.0176470588
2166000 0.0199530516
2168500 0.0199530516
2169000 0.0164899882
2171500 0.0164899882
2172000 0.0153301887
2174500 0.0153301887
2175000 0.011820331
2177500 0.011820331
2178000 0.0164512338
2180500 0.0164512338
2181000 0.0141342756
2183500 0.0141342756
2184000 0.0129716981
2186500 0.0129716981
2187000 0.0141342756
2189500 0.0141342756
2190000 0.0141342756
2192500 0.0141342756
2193000 0.0141010576
2195500 0.0141010576
2196000 0.0152761457
2198500 0.0152761457
2199000 0.0164319249
2201500 0.0164319249
2202000 0.0175849941
2204500 0.0175849941
2205000 0.0164512338
2207500 0.0164512338
2208000 0.0152761457
2210500 0.0152761457
2211000 0.0129411765
2213500 0.0129411765
2214000 0.0106382979
2216500 0.0106382979
2217000 0.0129716981
2219500 0.0129716981
2220000 0.0152941176
2222500 0.0152941176
2223000 0.0141509434
2225500 0.0141509434
2226000 0.0153121319
2228500 0.0153121319
2229000 0.018735363
2231500 0.018735363
2232000 0.0176056338
2234500 0.0176056338
2235000 0.017626322
2237500 0.017626322
2238000 0.0164705882
2240500 0.0164705882
2241000 0.0130023641
2243500 0.0130023641
2244000 0.0141676505
2246500 0.0141676505
2247000 0.0153121319
2249500 0.0153121319
2250000 0.011820331
2252500 0.011820331
2253000 0.0129716981
2255500 0.0129716981
2256000 0.0118343195
2258500 0.0118343195
2259000 0.00947867299
2261500 0.00947867299
2262000 0.011820331
2264500 0.011820331
2265000 0.011820331
2267500 0.011820331
2268000 0.012987013
2270500 0.012987013
2271000 0.0141509434
2273500 0.0141509434
2274000 0.017626322
2276500 0.017626322
2277000 0.0153301887
2279500 0.0153301887
2280000 0.0164899882
2282500 0.0164899882
2283000 0.017626322
2285500 0.017626322
2286000 0.0176470588
2288500 0.0176470588
2289000 0.0164899882
2291500 0.0164899882
2292000 0.0118343195
2294500 0.0118343195
2295000 0.0130177515
2297500 0.0130177515
2298000 0.0141843972
2300500 0.0141843972
2301000 0.0188235294
2303500 0.0188235294
2304000 0.0199764982
2306500 0.0199764982
2307000 0.016509434
2309500 0.016509434
2310000 0.0153482881
2312500 0.0153482881
2313000 0.0130177515
2315500 0.0130177515
2316000 0.0142011834
2318500 0.0142011834
2319000 0.0153664303
2321500 0.0153664303
2322000 0.0142011834
2324500 0.0142011834
2325000 0.016509434
2327500 0.016509434
2328000 0.0164899882
2330500 0.0164899882
2331000 0.0153301887
2333500 0.0153301887
2334000 0.0141509434
2336500 0.0141509434
2337000 0.0153301887
2339500 0.0153301887
2340000 0.0188014101
2342500 0.0188014101
2343000 0.021101993
2345500 0.021101993
2346000 0.01992966
2348500 0.01992966
2349000 0.021101993
2351500 0.021101993
2352000 0.023364486
2354500 0.023364486
2355000 0.0222222222
2357500 0.0222222222
2358000 0.0210772834
2360500 0.0210772834
2361000 0.0210772834
2363500 0.0210772834
2364000 0.0187573271
2366500 0.0187573271
2367000 0.0210280374
2369500 0.0210280374
2370000 0.0198830409
2372500 0.0198830409
2373000 0.0176056338
2375500 0.0176056338
2376000 0.0187793427
2378500 0.0187793427
2379000 0.0222743259
2381500 0.0222743259
2382000 0.021101993
2384500 0.021101993
2385000 0.0176470588
2387500 0.0176470588
2388000 0.0176470588
2390500 0.0176470588
2391000 0.018735363
2393500 0.018735363
2394000 0.0152403283
2396500 0.0152403283
2397000 0.0164126612
2399500 0.0164126612
2400000 0.015258216
2402500 0.015258216
2403000 0.0152941176
2405500 0.0152941176
2406000 0.0176056338
2408500 0.0176056338
2409000 0.0164319249
2411500 0.0164319249
2412000 0.0164512338
2414500 0.0164512338
2415000 0.0164319249
2417500 0.0164319249
2418000 0.0175849941
2420500 0.0175849941
2421000 0.018735363
2423500 0.018735363
2424000 0.0175644028
2426500 0.0175644028
2427000 0.0141010576
2429500 0.0141010576
2430000 0.0152403283
2432500 0.0152403283
2433000 0.0175438596
2435500 0.0175438596
2436000 0.0186697783
2438500 0.0186697783
2439000 0.0175233645
2441500 0.0175233645
2442000 0.0152403283
2444500 0.0152403283
2445000 0.0105882353
2447500 0.0105882353
2448000 0.00942285041
2450500 0.00942285041
2451000 0.0117370892
2453500 0.0117370892
2454000 0.0128805621
2456500 0.0128805621
2457000 0.0140350877
2459500 0.0140350877
2460000 0.0128956624
2462500 0.0128956624
2463000 0.0151691949
2465500 0.0151691949
2466000 0.0186046512
2468500 0.0186046512
2469000 0.0174825175
2471500 0.0174825175
2472000 0.0174825175
2474500 0.0174825175
2475000 0.0174825175
2477500 0.0174825175
2478000 0.016336056
2480500 0.016336056
2481000 0.016336056
2483500 0.016336056
2484000 0.016336056
2486500 0.016336056
2487000 0.0186697783
2489500 0.0186697783
2490000 0.0198135198
2492500 0.0198135198
2493000 0.016374269
2495500 0.016374269
2496000 0.0152224824
2498500 0.0152224824
2499000 0.0163551402
2501500 0.0163551402
2502000 0.016336056
2504500 0.016336056
2505000 0.0163551402
2507500 0.0163551402
2508000 0.0163551402
2510500 0.0163551402
2511000 0.0198135198
2513500 0.0198135198
2514000 0.0186915888
2516500 0.0186915888
2517000 0.0186915888
2519500 0.0186915888
2520000 0.0175233645
2522500 0.0175233645
2523000 0.0175029172
2525500 0.0175029172
2526000 0.016336056
2528500 0.016336056
2529000 0.0163551402
2531500 0.0163551402
2532000 0.016374269
2534500 0.016374269
2535000 0.0163551402
2537500 0.0163551402
2538000 0.0140515222
2540500 0.0140515222
2541000 0.0140515222
2543500 0.0140515222
2544000 0.0117508813
2546500 0.0117508813
2547000 0.0140679953
2549500 0.0140679953
2550000 0.0152403283
2552500 0.0152403283
2553000 0.014084507
2555500 0.014084507
2556000 0.0175644028
2558500 0.0175644028
2559000 0.0187134503
2561500 0.0187134503
2562000 0.0186697783
2564500 0.0186697783
2565000 0.0186915888
2567500 0.0186915888
2568000 0.0209545984
2570500 0.0209545984
2571000 0.0210280374
2573500 0.0210280374
2574000 0.0198830409
2576500 0.0198830409
2577000 0.0175849941
2579500 0.0175849941
2580000 0.0164319249
2582500 0.0164319249
2583000 0.0152761457
2585500 0.0152761457
2586000 0.0152761457
2588500 0.0152761457
2589000 0.0152941176
2591500 0.0152941176
2592000 0.0152941176
2594500 0.0152941176
2595000 0.0141342756
2597500 0.0141342756
2598000 0.012987013
2600500 0.012987013
2601000 0.0118343195
2603500 0.0118343195
2604000 0.0130023641
2606500 0.0130023641
2607000 0.0141676505
2609500 0.0141676505
2610000 0.0130177515
2612500 0.0130177515
2613000 0.0153482881
2615500 0.0153482881
2616000 0.0142011834
2618500 0.0142011834
2619000 0.0188679245
2621500 0.0188679245
2622000 0.0177304965
2624500 0.0177304965
2625000 0.0154028436
2627500 0.0154028436
2628000 0.0142180095
2630500 0.0142180095
2631000 0.0118906064
2633500 0.0118906064
2634000 0.0142348754
2636500 0.0142348754
2637000 0.013064133
2639500 0.013064133
2640000 0.0142180095
2642500 0.0142180095
2643000 0.0142011834
2645500 0.0142011834
2646000 0.0153664303
2648500 0.0153664303
2649000 0.0176886792
2651500 0.0176886792
2652000 0.0188457008
2654500 0.0188457008
2655000 0.0188902007
2657500 0.0188902007
2658000 0.0153846154
2660500 0.0153846154
2661000 0.0118764846
2663500 0.0118764846
2664000 0.0107015458
2666500 0.0107015458
2667000 0.0118764846
2669500 0.0118764846
2670000 0.0107015458
2672500 0.0107015458
2673000 0.0118764846
2675500 0.0118764846
2676000 0.0142180095
2678500 0.0142180095
2679000 0.0153846154
2681500 0.0153846154
2682000 0.0154028436
2684500 0.0154028436
2685000 0.0177304965
2687500 0.0177304965
2688000 0.0154028436
2690500 0.0154028436
2691000 0.0142348754
2693500 0.0142348754
2694000 0.0142348754
2696500 0.0142348754
2697000 0.0118906064
2699500 0.0118906064
2700000 0.0107015458
2702500 0.0107015458
2703000 0.0130486358
2705500 0.0130486358
2706000 0.0165484634
2708500 0.0165484634
2709000 0.0177304965
2711500 0.0177304965
2712000 0.0165680473
2714500 0.0165680473
2715000 0.0200235571
2717500 0.0200235571
2718000 0.02
2720500 0.02
2721000 0.0176886792
2723500 0.0176886792
2724000 0.0188679245
2726500 0.0188679245
2727000 0.0177304965
2729500 0.0177304965
2730000 0.0188902007
2732500 0.0188902007
2733000 0.0212014134
2735500 0.0212014134
2736000 0.0189125296
2738500 0.0189125296
2739000 0.0154394299
2741500 0.0154394299
2742000 0.0142517815
2744500 0.0142517815
2745000 0.0119047619
2747500 0.0119047619
2748000 0.0130952381
2750500 0.0130952381
2751000 0.0130952381
2753500 0.0130952381
2754000 0.0142517815
2756500 0.0142517815
2757000 0.013064133
2759500 0.013064133
2760000 0.0130796671
2762500 0.0130796671
2763000 0.0142348754
2765500 0.0142348754
2766000 0.0142348754
2768500 0.0142348754
2769000 0.013064133
2771500 0.013064133
2772000 0.0153846154
2774500 0.0153846154
2775000 0.0153664303
2777500 0.0153664303
2778000 0.0165289256
2780500 0.0165289256
2781000 0.0153482881
2783500 0.0153482881
2784000 0.0153482881
2786500 0.0153482881
2787000 0.0176886792
2789500 0.0176886792
2790000 0.0130331754
2792500 0.0130331754
2793000 0.0153664303
2795500 0.0153664303
2796000 0.0142180095
2798500 0.0142180095
2799000 0.0142348754
2801500 0.0142348754
2802000 0.0154211151
2804500 0.0154211151
2805000 0.0154394299
2807500 0.0154394299
2808000 0.0189349112
2810500 0.0189349112
2811000 0.023557126
2813500 0.023557126
2814000 0.0200945626
2816500 0.0200945626
2817000 0.0212514758
2819500 0.0212514758
2820000 0.0236127509
2822500 0.0236127509
2823000 0.0213017751
2825500 0.0213017751
2826000 0.018957346
2828500 0.018957346
2829000 0.0200945626
2831500 0.0200945626
2832000 0.0189125296
2834500 0.0189125296
2835000 0.0154028436
2837500 0.0154028436
2838000 0.0165484634
2840500 0.0165484634
2841000 0.0153846154
2843500 0.0153846154
2844000 0.0176886792
2846500 0.0176886792
2847000 0.0176470588
2849500 0.0176470588
2850000 0.0153482881
2852500 0.0153482881
2853000 0.0141843972
2855500 0.0141843972
2856000 0.0130023641
2858500 0.0130023641
2859000 0.0130023641
2861500 0.0130023641
2862000 0.0130023641
2864500 0.0130023641
2865000 0.0141676505
2867500 0.0141676505
2868000 0.0141843972
2870500 0.0141843972
2871000 0.0106635071
2873500 0.0106635071
2874000 0.0118483412
2876500 0.0118483412
2877000 0.0142180095
2879500 0.0142180095
2880000 0.0142180095
2882500 0.0142180095
2883000 0.0118623962
2885500 0.0118623962
2886000 0.0118623962
2888500 0.0118623962
2889000 0.00951248514
2891500 0.00951248514
2892000 0.0130331754
2894500 0.0130331754
2895000 0.0154028436
2897500 0.0154028436
2898000 0.0165680473
2900500 0.0165680473
2901000 0.0142011834
2903500 0.0142011834
2904000 0.0130486358
2906500 0.0130486358
2907000 0.0130331754
2909500 0.0130331754
2910000 0.0118623962
2912500 0.0118623962
2913000 0.0106888361
2915500 0.0106888361
2916000 0.0106761566
2918500 0.0106761566
2919000 0.0106888361
2921500 0.0106888361
2922000 0.0130486358
2924500 0.0130486358
2925000 0.0130331754
2927500 0.0130331754
2928000 0.0107142857
2930500 0.0107142857
2931000 0.0154028436
2933500 0.0154028436
2934000 0.0142180095
2936500 0.0142180095
2937000 0.0177095632
2939500 0.0177095632
2940000 0.0177304965
2942500 0.0177304965
2943000 0.0177304965
2945500 0.0177304965
2946000 0.0165680473
2948500 0.0165680473
2949000 0.0177304965
2951500 0.0177304965
2952000 0.0154028436
2954500 0.0154028436
2955000 0.0153846154
2957500 0.0153846154
2958000 0.0142011834
2960500 0.0142011834
2961000 0.0153664303
2963500 0.0153664303
2964000 0.0165289256
2966500 0.0165289256
2967000 0.0165289256
2969500 0.0165289256
2970000 0.0142011834
2972500 0.0142011834
2973000 0.0153846154
2975500 0.0153846154
2976000 0.0153664303
2978500 0.0153664303
2979000 0.0153664303
2981500 0.0153664303
2982000 0.0141843972
2984500 0.0141843972
2985000 0.00950118765
2987500 0.00950118765
2988000 0.00947867299
2990500 0.00947867299
2991000 0.00948991696
2993500 0.00948991696
2994000 0.0106635071
2996500 0.0106635071
2997000 0.0106508876
2999500 0.0106508876
3000000 0.0118063754
3002500 0.0118063754
3003000 0.0118063754
3005500 0.0118063754
3006000 0.00945626478
3008500 0.00945626478
3009000 0.0117924528
3011500 0.0117924528
3012000 0.0129564193
3014500 0.0129564193
3015000 0.015258216
3017500 0.015258216
3018000 0.0175644028
3020500 0.0175644028
3021000 0.0198830409
3023500 0.0198830409
3024000 0.018735363
3026500 0.018735363
3027000 0.0176056338
3029500 0.0176056338
3030000 0.0164126612
3032500 0.0164126612
3033000 0.0164126612
3035500 0.0164126612
3036000 0.0152761457
3038500 0.0152761457
3039000 0.0152761457
3041500 0.0152761457
3042000 0.0129564193
3044500 0.0129564193
3045000 0.0129564193
3047500 0.0129564193
3048000 0.0106257379
3050500 0.0106257379
3051000 0.00947867299
3053500 0.00947867299
3054000 0.0118343195
3056500 0.0118343195
3057000 0.0118483412
3059500 0.0118483412
3060000 0.0153482881
3062500 0.0153482881
3063000 0.0130177515
3065500 0.0130177515
3066000 0.016509434
3068500 0.016509434
3069000 0.0188014101
3071500 0.0188014101
3072000 0.0164899882
3074500 0.0164899882
3075000 0.0164705882
3077500 0.0164705882
3078000 0.0153121319
3080500 0.0153121319
3081000 0.017626322
3083500 0.017626322
3084000 0.0210772834
3086500 0.0210772834
3087000 0.012987013
3089500 0.012987013
3090000 0.0118063754
3092500 0.0118063754
3093000 0.012987013
3095500 0.012987013
3096000 0.0129716981
3098500 0.0129716981
3099000 0.0106257379
3101500 0.0106257379
3102000 0.0117924528
3104500 0.0117924528
3105000 0.0106257379
3107500 0.0106257379
3108000 0.0106257379
3110500 0.0106257379
3111000 0.0129411765
3113500 0.0129411765
3114000 0.00827423168
3116500 0.00827423168
3117000 0.00944510035
3119500 0.00944510035
3120000 0.00829383886
3122500 0.00829383886
3123000 0.00946745562
3125500 0.00946745562
3126000 0.00946745562
3128500 0.00946745562
3129000 0.0106508876
3131500 0.0106508876
3132000 0.0106382979
3134500 0.0106382979
3135000 0.00946745562
3137500 0.00946745562
3138000 0.0129716981
3140500 0.0129716981
3141000 0.0129564193
3143500 0.0129564193
3144000 0.0129716981
3146500 0.0129716981
3147000 0.0118063754
3149500 0.0118063754
3150000 0.0106508876
3152500 0.0106508876
3153000 0.0118063754
3155500 0.0118063754
3156000 0.0152761457
3158500 0.0152761457
3159000 0.0152761457
3161500 0.0152761457
3162000 0.0164126612
3164500 0.0164126612
3165000 0.0164319249
3167500 0.0164319249
3168000 0.0153121319
3170500 0.0153121319
3171000 0.0141509434
3173500 0.0141509434
3174000 0.012987013
3176500 0.012987013
3177000 0.0141342756
3179500 0.0141342756
3180000 0.0152941176
3182500 0.0152941176
3183000 0.0152941176
3185500 0.0152941176
3186000 0.0118063754
3188500 0.0118063754
3189000 0.0117924528
3191500 0.0117924528
3192000 0.0106257379
3194500 0.0106257379
3195000 0.0117924528
3197500 0.0117924528
3198000 0.0141342756
3200500 0.0141342756
3201000 0.0141342756
3203500 0.0141342756
3204000 0.0152941176
3206500 0.0152941176
3207000 0.0187573271
3209500 0.0187573271
3210000 0.0152941176
3212500 0.0152941176
3213000 0.012987013
3215500 0.012987013
3216000 0.0141509434
3218500 0.0141509434
3219000 0.0164512338
3221500 0.0164512338
3222000 0.0129716981
3224500 0.0129716981
3225000 0.0164512338
3227500 0.0164512338
3228000 0.0199063232
3230500 0.0199063232
3231000 0.0164319249
3233500 0.0164319249
3234000 0.0141176471
3236500 0.0141176471
3237000 0.0141342756
3239500 0.0141342756
3240000 0.0141342756
3242500 0.0141342756
3243000 0.0106508876
3245500 0.0106508876
3246000 0.0129716981
3248500 0.0129716981
3249000 0.0106382979
3251500 0.0106382979
3252000 0.0106257379
3254500 0.0106257379
3255000 0.0106132075
3257500 0.0106132075
3258000 0.0106007067
3260500 0.0106007067
3261000 0.00710059172
3263500 0.00710059172
3264000 0.00710059172
3266500 0.00710059172
3267000 0.00710059172
3269500 0.00710059172
3270000 0.00592417062
3272500 0.00592417062
3273000 0.0059311981
3275500 0.0059311981
3276000 0.00593824228
3278500 0.00593824228
3279000 0.00711743772
3281500 0.00711743772
3282000 0.00947867299
3284500 0.00947867299
3285000 0.012987013
3287500 0.012987013
3288000 0.011820331
3290500 0.011820331
3291000 0.012987013
3293500 0.012987013
3294000 0.011820331
3296500 0.011820331
3297000 0.011820331
3299500 0.011820331
3300000 0.0164512338
3302500 0.0164512338
3303000 0.0199063232
3305500 0.0199063232
3306000 0.0199063232
3308500 0.0199063232
3309000 0.0187573271
3311500 0.0187573271
3312000 0.0164705882
3314500 0.0164705882
3315000 0.0152761457
3317500 0.0152761457
3318000 0.0141342756
3320500 0.0141342756
3321000 0.0141509434
3323500 0.0141509434
3324000 0.0164705882
3326500 0.0164705882
3327000 0.0164705882
3329500 0.0164705882
3330000 0.0153301887
3332500 0.0153301887
3333000 0.0176470588
3335500 0.0176470588
3336000 0.0164512338
3338500 0.0164512338
3339000 0.0141342756
3341500 0.0141342756
3342000 0.0176056338
3344500 0.0176056338
3345000 0.0141342756
3347500 0.0141342756
3348000 0.0153301887
3350500 0.0153301887
3351000 0.0141676505
3353500 0.0141676505
3354000 0.0141843972
3356500 0.0141843972
3357000 0.0153482881
3359500 0.0153482881
3360000 0.0176678445
3362500 0.0176678445
3363000 0.0130331754
3365500 0.0130331754
3366000 0.0130486358
3368500 0.0130486358
3369000 0.0154028436
3371500 0.0154028436
3372000 0.0177095632
3374500 0.0177095632
3375000 0.0199764982
3377500 0.0199764982
3378000 0.0176678445
3380500 0.0176678445
3381000 0.0176678445
3383500 0.0176678445
3384000 0.0188457008
3386500 0.0188457008
3387000 0.0176886792
3389500 0.0176886792
3390000 0.0130486358
3392500 0.0130486358
3393000 0.0142180095
3395500 0.0142180095
3396000 0.0118764846
3398500 0.0118764846
3399000 0.0107142857
3401500 0.0107142857
3402000 0.00835322196
3404500 0.00835322196
3405000 0.00953516091
3407500 0.00953516091
3408000 0.0118906064
3410500 0.0118906064
3411000 0.0130952381
3413500 0.0130952381
3414000 0.0119189511
3416500 0.0119189511
3417000 0.0119331742
3419500 0.0119331742
3420000 0.0142687277
3422500 0.0142687277
3423000 0.0142687277
3425500 0.0142687277
3426000 0.0142857143
3428500 0.0142857143
3429000 0.0154577883
3431500 0.0154577883
3432000 0.0154577883
3434500 0.0154577883
3435000 0.0142857143
3437500 0.0142857143
3438000 0.0154761905
3440500 0.0154761905
3441000 0.0178359096
3443500 0.0178359096
3444000 0.0178359096
3446500 0.0178359096
3447000 0.0190023753
3449500 0.0190023753
3450000 0.0178359096
3452500 0.0178359096
3453000 0.0201421801
3455500 0.0201421801
3456000 0.0190023753
3458500 0.0190023753
3459000 0.0178571429
3461500 0.0178571429
3462000 0.0178359096
3464500 0.0178359096
3465000 0.0166666667
3467500 0.0166666667
3468000 0.0154946365
3470500 0.0154946365
3471000 0.0166865316
3473500 0.0166865316
3474000 0.0178359096
3476500 0.0178359096
3477000 0.0154761905
3479500 0.0154761905
3480000 0.0119331742
3482500 0.0119331742
3483000 0.0131108462
3485500 0.0131108462
3486000 0.0143027414
3488500 0.0143027414
3489000 0.016646849
3491500 0.016646849
3492000 0.0166270784
3494500 0.0166270784
3495000 0.0154761905
3497500 0.0154761905
3498000 0.0166270784
3500500 0.0166270784
3501000 0.0142857143
3503500 0.0142857143
3504000 0.0130952381
3506500 0.0130952381
3507000 0.0154394299
3509500 0.0154394299
3510000 0.0166073547
3512500 0.0166073547
3513000 0.0177935943
3515500 0.0177935943
3516000 0.0131108462
3518500 0.0131108462
3519000 0.0142857143
3521500 0.0142857143
3522000 0.0107526882
3524500 0.0107526882
3525000 0.00955794504
3527500 0.00955794504
3528000 0.00838323353
3530500 0.00838323353
3531000 0.0107526882
3533500 0.0107526882
3534000 0.00960384154
3536500 0.00960384154
3537000 0.00960384154
3539500 0.00960384154
3540000 0.00841346154
3542500 0.00841346154
3543000 0.00960384154
3545500 0.00960384154
3546000 0.0107913669
3548500 0.0107913669
3549000 0.0119760479
3551500 0.0119760479
3552000 0.0119617225
3554500 0.0119617225
3555000 0.0131421744
3557500 0.0131421744
3558000 0.0131108462
3560500 0.0131108462
3561000 0.0143027414
3563500 0.0143027414
3564000 0.0143198091
3566500 0.0143198091
3567000 0.0154577883
3569500 0.0154577883
3570000 0.0166270784
3572500 0.0166270784
3573000 0.0130952381
3575500 0.0130952381
3576000 0.013064133
3578500 0.013064133
3579000 0.0154028436
3581500 0.0154028436
3582000 0.0153664303
3584500 0.0153664303
3585000 0.0165484634
3587500 0.0165484634
3588000 0.0165484634
3590500 0.0165484634
3591000 0.0177514793
3593500 0.0177514793
3594000 0.0200471698
3596500 0.0200471698
3597000 0.0212264151
3599500 0.0212264151
3600000 0.0212264151
3602500 0.0212264151
3603000 0.0212264151
3605500 0.0212264151
3606000 0.0200471698
3608500 0.0200471698
3609000 0.0177304965
3611500 0.0177304965
3612000 0.0188902007
3614500 0.0188902007
3615000 0.0177095632
3617500 0.0177095632
3618000 0.0176886792
3620500 0.0176886792
3621000 0.0142011834
3623500 0.0142011834
3624000 0.0130331754
3626500 0.0130331754
3627000 0.0176470588
3629500 0.0176470588
3630000 0.0176678445
3632500 0.0176678445
3633000 0.0153301887
3635500 0.0153301887
3636000 0.0141676505
3638500 0.0141676505
3639000 0.0141676505
3641500 0.0141676505
3642000 0.0153301887
3644500 0.0153301887
3645000 0.0153121319
3647500 0.0153121319
3648000 0.0153121319
3650500 0.0153121319
3651000 0.0164705882
3653500 0.0164705882
3654000 0.0164899882
3656500 0.0164899882
3657000 0.0141843972
3659500 0.0141843972
3660000 0.016509434
3662500 0.016509434
3663000 0.016509434
3665500 0.016509434
3666000 0.0164899882
3668500 0.0164899882
3669000 0.0164899882
3671500 0.0164899882
3672000 0.0176470588
3674500 0.0176470588
3675000 0.0176470588
3677500 0.0176470588
3678000 0.017626322
3680500 0.017626322
3681000 0.0129716981
3683500 0.0129716981
3684000 0.0129564193
3686500 0.0129564193
3687000 0.0152761457
3689500 0.0152761457
3690000 0.0152761457
3692500 0.0152761457
3693000 0.0117924528
3695500 0.0117924528
3696000 0.0106132075
3698500 0.0106132075
3699000 0.0129564193
3701500 0.0129564193
3702000 0.0141342756
3704500 0.0141342756
3705000 0.0129716981
3707500 0.0129716981
3708000 0.0106382979
3710500 0.0106382979
3711000 0.00947867299
3713500 0.00947867299
3714000 0.00830367734
3716500 0.00830367734
3717000 0.00830367734
3719500 0.00830367734
3720000 0.0106508876
3722500 0.0106508876
3723000 0.00712589074
3725500 0.00712589074
3726000 0.0106635071
3728500 0.0106635071
3729000 0.011820331
3731500 0.011820331
3732000 0.0152941176
3734500 0.0152941176
3735000 0.0152941176
3737500 0.0152941176
3738000 0.0152941176
3740500 0.0152941176
3741000 0.012987013
3743500 0.012987013
3744000 0.0118343195
3746500 0.0118343195
3747000 0.012987013
3749500 0.012987013
3750000 0.0129716981
3752500 0.0129716981
3753000 0.0118063754
3755500 0.0118063754
3756000 0.00945626478
3758500 0.00945626478
3759000 0.0129564193
3761500 0.0129564193
3762000 0.0129564193
3764500 0.0129564193
3765000 0.0141509434
3767500 0.0141509434
3768000 0.0129716981
3770500 0.0129716981
3771000 0.012987013
3773500 0.012987013
3774000 0.011820331
3776500 0.011820331
3777000 0.011820331
3779500 0.011820331
3780000 0.0106382979
3782500 0.0106382979
3783000 0.0106382979
3785500 0.0106382979
3786000 0.0152941176
3788500 0.0152941176
3789000 0.0141342756
3791500 0.0141342756
3792000 0.0141509434
3794500 0.0141509434
3795000 0.0141342756
3797500 0.0141342756
3798000 0.0118063754
3800500 0.0118063754
3801000 0.0118063754
3803500 0.0118063754
3804000 0.0129716981
3806500 0.0129716981
3807000 0.0129411765
3809500 0.0129411765
3810000 0.0106132075
3812500 0.0106132075
3813000 0.00943396226
3815500 0.00943396226
3816000 0.0106007067
3818500 0.0106007067
3819000 0.0129259694
3821500 0.0129259694
3822000 0.015258216
3824500 0.015258216
3825000 0.0141010576
3827500 0.0141010576
3828000 0.0129259694
3830500 0.0129259694
3831000 0.0140679953
3833500 0.0140679953
3834000 0.0163551402
3836500 0.0163551402
3837000 0.0128805621
3839500 0.0128805621
3840000 0.0128354726
3842500 0.0128354726
3843000 0.0151162791
3845500 0.0151162791
3846000 0.0116414435
3848500 0.0116414435
3849000 0.011627907
3851500 0.011627907
3852000 0.00933488915
3854500 0.00933488915
3855000 0.008168028
3857500 0.008168028
3858000 0.00701754386
3860500 0.00701754386
3861000 0.00817757009
3863500 0.00817757009
3864000 0.00933488915
3866500 0.00933488915
3867000 0.00933488915
3869500 0.00933488915
3870000 0.0105017503
3872500 0.0105017503
3873000 0.0104895105
3875500 0.0104895105
3876000 0.0104895105
3878500 0.0104895105
3879000 0.00817757009
3881500 0.00817757009
3882000 0.00701754386
3884500 0.00701754386
3885000 0.00701754386
3887500 0.00701754386
3888000 0.00817757009
3890500 0.00817757009
3891000 0.00701754386
3893500 0.00701754386
3894000 0.00933488915
3896500 0.00933488915
3897000 0.00933488915
3899500 0.00933488915
3900000 0.00933488915
3902500 0.00933488915
3903000 0.0127906977
3905500 0.0127906977
3906000 0.011627907
3908500 0.011627907
3909000 0.0105017503
3911500 0.0105017503
3912000 0.0116686114
3914500 0.0116686114
3915000 0.0116686114
3917500 0.0116686114
3918000 0.0105263158
3920500 0.0105263158
3921000 0.0128205128
3923500 0.0128205128
3924000 0.0128504673
3926500 0.0128504673
3927000 0.0151515152
3929500 0.0151515152
3930000 0.0151515152
3932500 0.0151515152
3933000 0.0151691949
3935500 0.0151691949
3936000 0.0151691949
3938500 0.0151691949
3939000 0.0151869159
3941500 0.0151869159
3942000 0.016298021
3944500 0.016298021
3945000 0.0151691949
3947500 0.0151691949
3948000 0.0140186916
3950500 0.0140186916
3951000 0.0105509965
3953500 0.0105509965
3954000 0.0105509965
3956500 0.0105509965
3957000 0.0128956624
3959500 0.0128956624
3960000 0.0117508813
3962500 0.0117508813
3963000 0.0105882353
3965500 0.0105882353
3966000 0.0117508813
3968500 0.0117508813
3969000 0.00942285041
3971500 0.00942285041
3972000 0.00824499411
3974500 0.00824499411
3975000 0.00940070505
3977500 0.00940070505
3978000 0.0105882353
3980500 0.0105882353
3981000 0.0117508813
3983500 0.0117508813
3984000 0.0140515222
3986500 0.0140515222
3987000 0.0152224824
3989500 0.0152224824
3990000 0.0152046784
3992500 0.0152046784
3993000 0.0163551402
3995500 0.0163551402
3996000 0.0140515222
3998500 0.0140515222
3999000 0.0140515222
4001500 0.0140515222
4002000 0.0105757932
4004500 0.0105757932
4005000 0.0117233294
4007500 0.0117233294
4008000 0.0105757932
4010500 0.0105757932
4011000 0.0105757932
4013500 0.0105757932
4014000 0.00824499411
4016500 0.00824499411
4017000 0.00824499411
4019500 0.00824499411
4020000 0.00590318772
4022500 0.00590318772
4023000 0.00472255018
4025500 0.00472255018
4026000 0.00706713781
4028500 0.00706713781
4029000 0.00940070505
4031500 0.00940070505
4032000 0.00706713781
4034500 0.00706713781
4035000 0.00822561692
4037500 0.00822561692
4038000 0.00705052879
4040500 0.00705052879
4041000 0.00937866354
4043500 0.00937866354
4044000 0.0093676815
4046500 0.0093676815
4047000 0.0093676815
4049500 0.0093676815
4050000 0.011682243
4052500 0.011682243
4053000 0.011682243
4055500 0.011682243
4056000 0.0093676815
4058500 0.0093676815
4059000 0.0105263158
4061500 0.0105263158
4062000 0.011682243
4064500 0.011682243
4065000 0.0128504673
4067500 0.0128504673
4068000 0.0116959064
4070500 0.0116959064
4071000 0.0151515152
4073500 0.0151515152
4074000 0.0140023337
4076500 0.0140023337
4077000 0.00937866354
4079500 0.00937866354
4080000 0.0105386417
4082500 0.0105386417
4083000 0.0117096019
4085500 0.0117096019
4086000 0.0128805621
4088500 0.0128805621
4089000 0.0140350877
4091500 0.0140350877
4092000 0.0151869159
4094500 0.0151869159
4095000 0.0140515222
4097500 0.0140515222
4098000 0.0152046784
4100500 0.0152046784
4101000 0.0152046784
4103500 0.0152046784
4104000 0.0117370892
4106500 0.0117370892
4107000 0.0128956624
4109500 0.0128956624
4110000 0.0105757932
4112500 0.0105757932
4113000 0.0105882353
4115500 0.0105882353
4116000 0.0129107981
4118500 0.0129107981
4119000 0.0140515222
4121500 0.0140515222
4122000 0.0140515222
4124500 0.0140515222
4125000 0.0117508813
4127500 0.0117508813
4128000 0.0129107981
4130500 0.0129107981
4131000 0.0152224824
4133500 0.0152224824
4134000 0.0140679953
4136500 0.0140679953
4137000 0.0129107981
4139500 0.0129107981
4140000 0.0117096019
4142500 0.0117096019
4143000 0.0105386417
4145500 0.0105386417
4146000 0.00705882353
4148500 0.00705882353
4149000 0.00705882353
4151500 0.00705882353
4152000 0.00822561692
4154500 0.00822561692
4155000 0.0105757932
4157500 0.0105757932
4158000 0.00942285041
4160500 0.00942285041
4161000 0.0105633803
4163500 0.0105633803
4164000 0.0105882353
4166500 0.0105882353
4167000 0.0105757932
4169500 0.0105757932
4170000 0.0117508813
4172500 0.0117508813
4173000 0.0152224824
4175500 0.0152224824
4176000 0.0140679953
4178500 0.0140679953
4179000 0.014084507
4181500 0.014084507
4182000 0.0129411765
4184500 0.0129411765
4185000 0.011778563
4187500 0.011778563
4188000 0.0129259694
4190500 0.0129259694
4191000 0.0105882353
4193500 0.0105882353
4194000 0.00941176471
4196500 0.00941176471
4197000 0.00471698113
4199500 0.00471698113
4200000 0.00471142521
4202500 0.00471142521
4203000 0.00821596244
4205500 0.00821596244
4206000 0.0105633803
4208500 0.0105633803
4209000 0.0105757932
4211500 0.0105757932
4212000 0.0117370892
4214500 0.0117370892
4215000 0.0117370892
4217500 0.0117370892
4218000 0.0140679953
4220500 0.0140679953
4221000 0.0117370892
4223500 0.0117370892
4224000 0.0128956624
4226500 0.0128956624
4227000 0.014084507
4229500 0.014084507
4230000 0.0129411765
4232500 0.0129411765
4233000 0.0117924528
4235500 0.0117924528
4236000 0.0152941176
4238500 0.0152941176
4239000 0.0164512338
4241500 0.0164512338
4242000 0.0152761457
4244500 0.0152761457
4245000 0.0164126612
4247500 0.0164126612
4248000 0.0141176471
4250500 0.0141176471
4251000 0.0141176471
4253500 0.0141176471
4254000 0.0117924528
4256500 0.0117924528
4257000 0.0129259694
4259500 0.0129259694
4260000 0.014084507
4262500 0.014084507
4263000 0.0129107981
4265500 0.0129107981
4266000 0.0105882353
4268500 0.0105882353
4269000 0.0106007067
4271500 0.0106007067
4272000 0.0129107981
4274500 0.0129107981
4275000 0.0129411765
4277500 0.0129411765
4278000 0.0129259694
4280500 0.0129259694
4281000 0.0117647059
4283500 0.0117647059
4284000 0.011778563
4286500 0.011778563
4287000 0.0106132075
4289500 0.0106132075
4290000 0.0117924528
4292500 0.0117924528
4293000 0.0117924528
4295500 0.0117924528
4296000 0.0129716981
4298500 0.0129716981
4299000 0.0164126612
4301500 0.0164126612
4302000 0.015258216
4304500 0.015258216
4305000 0.0141010576
4307500 0.0141010576
4308000 0.0129411765
4310500 0.0129411765
4311000 0.0129411765
4313500 0.0129411765
4314000 0.0117924528
4316500 0.0117924528
4317000 0.0164319249
4319500 0.0164319249
4320000 0.0164319249
4322500 0.0164319249
4323000 0.0199063232
4325500 0.0199063232
4326000 0.0175849941
4328500 0.0175849941
4329000 0.01992966
4331500 0.01992966
4332000 0.0164899882
4334500 0.0164899882
4335000 0.0153301887
4337500 0.0153301887
4338000 0.0176470588
4340500 0.0176470588
4341000 0.0153301887
4343500 0.0153301887
4344000 0.0118764846
4346500 0.0118764846
4347000 0.0153664303
4349500 0.0153664303
4350000 0.0165484634
4352500 0.0165484634
4353000 0.0165680473
4355500 0.0165680473
4356000 0.0154028436
4358500 0.0154028436
4359000 0.013064133
4361500 0.013064133
4362000 0.0154028436
4364500 0.0154028436
4365000 0.0142687277
4367500 0.0142687277
4368000 0.0154394299
4370500 0.0154394299
4371000 0.0154211151
4373500 0.0154211151
4374000 0.0165680473
4376500 0.0165680473
4377000 0.0142348754
4379500 0.0142348754
4380000 0.0165680473
4382500 0.0165680473
4383000 0.0142348754
4385500 0.0142348754
4386000 0.0118906064
4388500 0.0118906064
4389000 0.0154211151
4391500 0.0154211151
4392000 0.0154394299
4394500 0.0154394299
4395000 0.0166073547
4397500 0.0166073547
4398000 0.0177514793
4400500 0.0177514793
4401000 0.0177304965
4403500 0.0177304965
4404000 0.0153664303
4406500 0.0153664303
4407000 0.0165484634
4409500 0.0165484634
4410000 0.0188679245
4412500 0.0188679245
4413000 0.0177095632
4415500 0.0177095632
4416000 0.0153846154
4418500 0.0153846154
4419000 0.0177095632
4421500 0.0177095632
4422000 0.0142180095
4424500 0.0142180095
4425000 0.0118764846
4427500 0.0118764846
4428000 0.0153664303
4430500 0.0153664303
4431000 0.0165289256
4433500 0.0165289256
4434000 0.0177095632
4436500 0.0177095632
4437000 0.0165484634
4439500 0.0165484634
4440000 0.0153846154
4442500 0.0153846154
4443000 0.0142011834
4445500 0.0142011834
4446000 0.0130177515
4448500 0.0130177515
4449000 0.0141843972
4451500 0.0141843972
4452000 0.0118483412
4454500 0.0118483412
4455000 0.0130177515
4457500 0.0130177515
4458000 0.0142011834
4460500 0.0142011834
4461000 0.0130331754
4463500 0.0130331754
4464000 0.0118764846
4466500 0.0118764846
4467000 0.0118764846
4469500 0.0118764846
4470000 0.0153846154
4472500 0.0153846154
4473000 0.016509434
4475500 0.016509434
4476000 0.0153301887
4478500 0.0153301887
4479000 0.0153301887
4481500 0.0153301887
4482000 0.0153301887
4484500 0.0153301887
4485000 0.0130023641
4487500 0.0130023641
4488000 0.0153301887
4490500 0.0153301887
4491000 0.0141509434
4493500 0.0141509434
4494000 0.0141509434
4496500 0.0141509434
4497000 0.0141676505
4499500 0.0141676505
4500000 0.012987013
4502500 0.012987013
4503000 0.0141509434
4505500 0.0141509434
4506000 0.0129716981
4508500 0.0129716981
4509000 0.012987013
4511500 0.012987013
4512000 0.011820331
4514500 0.011820331
4515000 0.012987013
4517500 0.012987013
4518000 0.0141509434
4520500 0.0141509434
4521000 0.0141342756
4523500 0.0141342756
4524000 0.0141176471
4526500 0.0141176471
4527000 0.0152941176
4529500 0.0152941176
4530000 0.0164512338
4532500 0.0164512338
4533000 0.0152761457
4535500 0.0152761457
4536000 0.018735363
4538500 0.018735363
4539000 0.0198830409
4541500 0.0198830409
4542000 0.0164319249
4544500 0.0164319249
4545000 0.0152941176
4547500 0.0152941176
4548000 0.0152941176
4550500 0.0152941176
4551000 0.0141509434
4553500 0.0141509434
4554000 0.0118063754
4556500 0.0118063754
4557000 0.0129564193
4559500 0.0129564193
4560000 0.0141010576
4562500 0.0141010576
4563000 0.0129259694
4565500 0.0129259694
4566000 0.0140679953
4568500 0.0140679953
4569000 0.0163934426
4571500 0.0163934426
4572000 0.0152403283
4574500 0.0152403283
4575000 0.0140679953
4577500 0.0140679953
4578000 0.0117370892
4580500 0.0117370892
4581000 0.0129107981
4583500 0.0129107981
4584000 0.0117508813
4586500 0.0117508813
4587000 0.0140679953
4589500 0.0140679953
4590000 0.00942285041
4592500 0.00942285041
4593000 0.00943396226
4595500 0.00943396226
4596000 0.00826446281
4598500 0.00826446281
4599000 0.011778563
4601500 0.011778563
4602000 0.00945626478
4604500 0.00945626478
4605000 0.00829383886
4607500 0.00829383886
4608000 0.0118063754
4610500 0.0118063754
4611000 0.0118063754
4613500 0.0118063754
4614000 0.011820331
4616500 0.011820331
4617000 0.0118063754
4619500 0.0118063754
4620000 0.011820331
4622500 0.011820331
4623000 0.0153121319
4625500 0.0153121319
4626000 0.0152941176
4628500 0.0152941176
4629000 0.0141176471
4631500 0.0141176471
4632000 0.0129564193
4634500 0.0129564193
4635000 0.0141176471
4637500 0.0141176471
4638000 0.0152761457
4640500 0.0152761457
4641000 0.018735363
4643500 0.018735363
4644000 0.0175644028
4646500 0.0175644028
4647000 0.0175438596
4649500 0.0175438596
4650000 0.0186697783
4652500 0.0186697783
4653000 0.023255814
4655500 0.023255814
4656000 0.0186915888
4658500 0.0186915888
4659000 0.0175438596
4661500 0.0175438596
4662000 0.0152403283
4664500 0.0152403283
4665000 0.0129411765
4667500 0.0129411765
4668000 0.0129259694
4670500 0.0129259694
4671000 0.014084507
4673500 0.014084507
4674000 0.0152403283
4676500 0.0152403283
4677000 0.0152403283
4679500 0.0152403283
4680000 0.0152403283
4682500 0.0152403283
4683000 0.0175438596
4685500 0.0175438596
4686000 0.0163934426
4688500 0.0163934426
4689000 0.0198366394
4691500 0.0198366394
4692000 0.0186915888
4694500 0.0186915888
4695000 0.0186915888
4697500 0.0186915888
4698000 0.0163934426
4700500 0.0163934426
4701000 0.0198366394
4703500 0.0198366394
4704000 0.0163934426
4706500 0.0163934426
4707000 0.0175849941
4709500 0.0175849941
4710000 0.0187573271
4712500 0.0187573271
4713000 0.0210526316
4715500 0.0210526316
4716000 0.018735363
4718500 0.018735363
4719000 0.0210280374
4721500 0.0210280374
4722000 0.0175849941
4724500 0.0175849941
4725000 0.018735363
4727500 0.018735363
4728000 0.0198830409
4730500 0.0198830409
4731000 0.018735363
4733500 0.018735363
4734000 0.0199063232
4736500 0.0199063232
4737000 0.0152941176
4739500 0.0152941176
4740000 0.0141176471
4742500 0.0141176471
4743000 0.0117924528
4745500 0.0117924528
4746000 0.0106257379
4748500 0.0106257379
4749000 0.0129411765
4751500 0.0129411765
4752000 0.0129411765
4754500 0.0129411765
4755000 0.0129411765
4757500 0.0129411765
4758000 0.0141010576
4760500 0.0141010576
4761000 0.0141010576
4763500 0.0141010576
4764000 0.0129411765
4766500 0.0129411765
4767000 0.011778563
4769500 0.011778563
4770000 0.00827423168
4772500 0.00827423168
4773000 0.00828402367
4775500 0.00828402367
4776000 0.00828402367
4778500 0.00828402367
4779000 0.0106508876
4781500 0.0106508876
4782000 0.00831353919
4784500 0.00831353919
4785000 0.00948991696
4787500 0.00948991696
4788000 0.0106635071
4790500 0.0106635071
4791000 0.0141509434
4793500 0.0141509434
4794000 0.0153301887
4796500 0.0153301887
4797000 0.0153301887
4799500 0.0153301887
4800000 0.0153121319
4802500 0.0153121319
4803000 0.0164705882
4805500 0.0164705882
4806000 0.0187573271
4808500 0.0187573271
4809000 0.017626322
4811500 0.017626322
4812000 0.017626322
4814500 0.017626322
4815000 0.0199530516
4817500 0.0199530516
4818000 0.017626322
4820500 0.017626322
4821000 0.0187793427
4823500 0.0187793427
4824000 0.0153121319
4826500 0.0153121319
4827000 0.0176470588
4829500 0.0176470588
4830000 0.0164899882
4832500 0.0164899882
4833000 0.0153121319
4835500 0.0153121319
4836000 0.0164899882
4838500 0.0164899882
4839000 0.0176678445
4841500 0.0176678445
4842000 0.0176470588
4844500 0.0176470588
4845000 0.0141676505
4847500 0.0141676505
4848000 0.0118343195
4850500 0.0118343195
4851000 0.0130177515
4853500 0.0130177515
4854000 0.0153482881
4856500 0.0153482881
4857000 0.0141676505
4859500 0.0141676505
4860000 0.012987013
4862500 0.012987013
4863000 0.0118063754
4865500 0.0118063754
4866000 0.0129564193
4868500 0.0129564193
4869000 0.0129411765
4871500 0.0129411765
4872000 0.014084507
4874500 0.014084507
4875000 0.0129259694
4877500 0.0129259694
4878000 0.015258216
4880500 0.015258216
4881000 0.015258216
4883500 0.015258216
4884000 0.018735363
4886500 0.018735363
4887000 0.018735363
4889500 0.018735363
4890000 0.0210280374
4892500 0.0210280374
4893000 0.0164319249
4895500 0.0164319249
4896000 0.0164319249
4898500 0.0164319249
4899000 0.0152761457
4901500 0.0152761457
4902000 0.0141176471
4904500 0.0141176471
4905000 0.0129564193
4907500 0.0129564193
4908000 0.0129411765
4910500 0.0129411765
4911000 0.0129259694
4913500 0.0129259694
4914000 0.014084507
4916500 0.014084507
4917000 0.0152403283
4919500 0.0152403283
4920000 0.015258216
4922500 0.015258216
4923000 0.0141010576
4925500 0.0141010576
4926000 0.0140515222
4928500 0.0140515222
4929000 0.0152046784
4931500 0.0152046784
4932000 0.0152046784
4934500 0.0152046784
4935000 0.0152046784
4937500 0.0152046784
4938000 0.0128956624
4940500 0.0128956624
4941000 0.0152046784
4943500 0.0152046784
4944000 0.0163551402
4946500 0.0163551402
4947000 0.0175029172
4949500 0.0175029172
4950000 0.0175029172
4952500 0.0175029172
4953000 0.0152224824
4955500 0.0152224824
4956000 0.00941176471
4958500 0.00941176471
4959000 0.0070754717
4961500 0.0070754717
4962000 0.0105757932
4964500 0.0105757932
4965000 0.0105633803
4967500 0.0105633803
4968000 0.0105757932
4970500 0.0105757932
4971000 0.00941176471
4973500 0.00941176471
4974000 0.0117370892
4976500 0.0117370892
4977000 0.0129107981
4979500 0.0129107981
4980000 0.0129259694
4982500 0.0129259694
4983000 0.0129411765
4985500 0.0129411765
4986000 0.015258216
4988500 0.015258216
4989000 0.014084507
4991500 0.014084507
4992000 0.0117647059
4994500 0.0117647059
4995000 0.0129259694
4997500 0.0129259694
4998000 0.0117370892
5000500 0.0117370892
5001000 0.0105757932
5003500 0.0105757932
5004000 0.0128956624
5006500 0.0128956624
5007000 0.0140350877
5009500 0.0140350877
5010000 0.0117370892
5012500 0.0117370892
5013000 0.0128956624
5015500 0.0128956624
5016000 0.00942285041
5018500 0.00942285041
5019000 0.00823529412
5021500 0.00823529412
5022000 0.00940070505
5024500 0.00940070505
5025000 0.00824499411
5027500 0.00824499411
5028000 0.00824499411
5030500 0.00824499411
5031000 0.00941176471
5033500 0.00941176471
5034000 0.00941176471
5036500 0.00941176471
5037000 0.0152046784
5039500 0.0152046784
5040000 0.0175029172
5042500 0.0175029172
5043000 0.0175029172
5045500 0.0175029172
5046000 0.016374269
5048500 0.016374269
5049000 0.0140515222
5051500 0.0140515222
5052000 0.0117370892
5054500 0.0117370892
5055000 0.0117647059
5057500 0.0117647059
5058000 0.0141010576
5060500 0.0141010576
5061000 0.0164126612
5063500 0.0164126612
5064000 0.0152761457
5066500 0.0152761457
5067000 0.0141176471
5069500 0.0141176471
5070000 0.0164319249
5072500 0.0164319249
5073000 0.0152941176
5075500 0.0152941176
5076000 0.0129716981
5078500 0.0129716981
5079000 0.0141342756
5081500 0.0141342756
5082000 0.0152941176
5084500 0.0152941176
5085000 0.0164126612
5087500 0.0164126612
5088000 0.0129564193
5090500 0.0129564193
5091000 0.0106257379
5093500 0.0106257379
5094000 0.0117924528
5096500 0.0117924528
5097000 0.0129564193
5099500 0.0129564193
5100000 0.011778563
5102500 0.011778563
5103000 0.0129564193
5105500 0.0129564193
5106000 0.0129411765
5108500 0.0129411765
5109000 0.0141010576
5111500 0.0141010576
5112000 0.0140679953
5114500 0.0140679953
5115000 0.0140679953
5117500 0.0140679953
5118000 0.0105882353
5120500 0.0105882353
5121000 0.0117647059
5123500 0.0117647059
5124000 0.0105882353
5126500 0.0105882353
5127000 0.0117508813
5129500 0.0117508813
5130000 0.00942285041
5132500 0.00942285041
5133000 0.0117508813
5135500 0.0117508813
5136000 0.00943396226
5138500 0.00943396226
5139000 0.00943396226
5141500 0.00943396226
5142000 0.00943396226
5144500 0.00943396226
5145000 0.0106007067
5147500 0.0106007067
5148000 0.0106007067
5150500 0.0106007067
5151000 0.0117647059
5153500 0.0117647059
5154000 0.0129411765
5156500 0.0129411765
5157000 0.015258216
5159500 0.015258216
5160000 0.015258216
5162500 0.015258216
5163000 0.014084507
5165500 0.014084507
5166000 0.014084507
5168500 0.014084507
5169000 0.0164126612
5171500 0.0164126612
5172000 0.015258216
5174500 0.015258216
5175000 0.0141010576
5177500 0.0141010576
5178000 0.0152761457
5180500 0.0152761457
5181000 0.0175849941
5183500 0.0175849941
5184000 0.015258216
5186500 0.015258216
5187000 0.0163934426
5189500 0.0163934426
5190000 0.0152403283
5192500 0.0152403283
5193000 0.0117647059
5195500 0.0117647059
5196000 0.014084507
5198500 0.014084507
5199000 0.0164126612
5201500 0.0164126612
5202000 0.0141010576
5204500 0.0141010576
5205000 0.011778563
5207500 0.011778563
5208000 0.00826446281
5210500 0.00826446281
5211000 0.0117508813
5213500 0.0117508813
5214000 0.0117508813
5216500 0.0117508813
5217000 0.0117370892
5219500 0.0117370892
5220000 0.0117508813
5222500 0.0117508813
5223000 0.0129411765
5225500 0.0129411765
5226000 0.0117924528
5228500 0.0117924528
5229000 0.0117924528
5231500 0.0117924528
5232000 0.011778563
5234500 0.011778563
5235000 0.0105882353
5237500 0.0105882353
5238000 0.0117370892
5240500 0.0117370892
5241000 0.016336056
5243500 0.016336056
5244000 0.0163551402
5246500 0.0163551402
5247000 0.016374269
5249500 0.016374269
5250000 0.0175029172
5252500 0.0175029172
5253000 0.0175438596
5255500 0.0175438596
5256000 0.0175233645
5258500 0.0175233645
5259000 0.0152224824
5261500 0.0152224824
5262000 0.0140679953
5264500 0.0140679953
5265000 0.0117508813
5267500 0.0117508813
5268000 0.0117508813
5270500 0.0117508813
5271000 0.0140679953
5273500 0.0140679953
5274000 0.0128956624
5276500 0.0128956624
5277000 0.0152224824
5279500 0.0152224824
5280000 0.0140679953
5282500 0.0140679953
5283000 0.0105882353
5285500 0.0105882353
5286000 0.0117647059
5288500 0.0117647059
5289000 0.014084507
5291500 0.014084507
5292000 0.0140679953
5294500 0.0140679953
5295000 0.0152224824
5297500 0.0152224824
5298000 0.015258216
5300500 0.015258216
5301000 0.0141010576
5303500 0.0141010576
5304000 0.011778563
5306500 0.011778563
5307000 0.011778563
5309500 0.011778563
5310000 0.00827423168
5312500 0.00827423168
5313000 0.0106132075
5315500 0.0106132075
5316000 0.00827423168
5318500 0.00827423168
5319000 0.0106132075
5321500 0.0106132075
5322000 0.0106132075
5324500 0.0106132075
5325000 0.011778563
5327500 0.011778563
5328000 0.011778563
5330500 0.011778563
5331000 0.0129564193
5333500 0.0129564193
5334000 0.0106257379
5336500 0.0106257379
5337000 0.0129564193
5339500 0.0129564193
5340000 0.0141176471
5342500 0.0141176471
5343000 0.0129411765
5345500 0.0129411765
5346000 0.0198598131
5348500 0.0198598131
5349000 0.0198366394
5351500 0.0198366394
5352000 0.018735363
5354500 0.018735363
5355000 0.0175849941
5357500 0.0175849941
5358000 0.0210035006
5360500 0.0210035006
5361000 0.0210035006
5363500 0.0210035006
5364000 0.0198366394
5366500 0.0198366394
5367000 0.0175233645
5369500 0.0175233645
5370000 0.0140515222
5372500 0.0140515222
5373000 0.0117508813
5375500 0.0117508813
5376000 0.0117647059
5378500 0.0117647059
5379000 0.0129259694
5381500 0.0129259694
5382000 0.014084507
5384500 0.014084507
5385000 0.0141010576
5387500 0.0141010576
5388000 0.0106132075
5390500 0.0106132075
5391000 0.0106132075
5393500 0.0106132075
5394000 0.0106257379
5396500 0.0106257379
5397000 0.00944510035
5399500 0.00944510035
5400000 0.00710059172
5402500 0.00710059172
5403000 0.00709219858
5405500 0.00709219858
5406000 0.0106007067
5408500 0.0106007067
5409000 0.00943396226
5411500 0.00943396226
5412000 0.011778563
5414500 0.011778563
5415000 0.0129411765
5417500 0.0129411765
5418000 0.0117647059
5420500 0.0117647059
5421000 0.014084507
5423500 0.014084507
5424000 0.0152403283
5426500 0.0152403283
5427000 0.0163934426
5429500 0.0163934426
5430000 0.0152403283
5432500 0.0152403283
5433000 0.0140515222
5435500 0.0140515222
5436000 0.0175233645
5438500 0.0175233645
5439000 0.0151869159
5441500 0.0151869159
5442000 0.0151869159
5444500 0.0151869159
5445000 0.0151515152
5447500 0.0151515152
5448000 0.016298021
5450500 0.016298021
5451000 0.0105386417
5453500 0.0105386417
5454000 0.011682243
5456500 0.011682243
5457000 0.0116686114
5459500 0.0116686114
5460000 0.0151162791
5462500 0.0151162791
5463000 0.0116686114
5465500 0.0116686114
5466000 0.0105140187
5468500 0.0105140187
5469000 0.0105017503
5471500 0.0105017503
5472000 0.0105017503
5474500 0.0105017503
5475000 0.0105017503
5477500 0.0105017503
5478000 0.00934579439
5480500 0.00934579439
5481000 0.0116550117
5483500 0.0116550117
5484000 0.0127906977
5486500 0.0127906977
5487000 0.008168028
5489500 0.008168028
5490000 0.00700934579
5492500 0.00700934579
5493000 0.00700934579
5495500 0.00700934579
5496000 0.00700934579
5498500 0.00700934579
5499000 0.00933488915
5501500 0.00933488915
5502000 0.00819672131
5504500 0.00819672131
5505000 0.00703399766
5507500 0.00703399766
5508000 0.00703399766
5510500 0.00703399766
5511000 0.00586166471
5513500 0.00586166471
5514000 0.00701754386
5516500 0.00701754386
5517000 0.00701754386
5519500 0.00701754386
5520000 0.00933488915
5522500 0.00933488915
5523000 0.0081871345
5525500 0.0081871345
5526000 0.00817757009
5528500 0.00817757009
5529000 0.00468933177
5531500 0.00468933177
5532000 0.00585480094
5534500 0.00585480094
5535000 0.00586166471
5537500 0.00586166471
5538000 0.0081871345
5540500 0.0081871345
5541000 0.0105017503
5543500 0.0105017503
5544000 0.0162412993
5546500 0.0162412993
5547000 0.0185185185
5549500 0.0185185185
5550000 0.0185185185
5552500 0.0185185185
5553000 0.0196759259
5555500 0.0196759259
5556000 0.0208092486
5558500 0.0208092486
5559000 0.0185399768
5561500 0.0185399768
5562000 0.0151338766
5564500 0.0151338766
5565000 0.0185614849
5567500 0.0185614849
5568000 0.0151162791
5570500 0.0151162791
5571000 0.0139534884
5573500 0.0139534884
5574000 0.0150812065
5576500 0.0150812065
5577000 0.0139534884
5579500 0.0139534884
5580000 0.0128205128
5582500 0.0128205128
5583000 0.011682243
5585500 0.011682243
5586000 0.0116686114
5588500 0.0116686114
5589000 0.0105017503
5591500 0.0105017503
5592000 0.0128055879
5594500 0.0128055879
5595000 0.0150987224
5597500 0.0150987224
5598000 0.0116550117
5600500 0.0116550117
5601000 0.0105017503
5603500 0.0105017503
5604000 0.0105017503
5606500 0.0105017503
5607000 0.0150987224
5609500 0.0150987224
5610000 0.0150812065
5612500 0.0150812065
5613000 0.0150812065
5615500 0.0150812065
5616000 0.0139372822
5618500 0.0139372822
5619000 0.0105140187
5621500 0.0105140187
5622000 0.0116686114
5624500 0.0116686114
5625000 0.0116686114
5627500 0.0116686114
5628000 0.0116686114
5630500 0.0116686114
5631000 0.0150987224
5633500 0.0150987224
5634000 0.0116686114
5636500 0.0116686114
5637000 0.0128205128
5639500 0.0128205128
5640000 0.0139534884
5642500 0.0139534884
5643000 0.0139534884
5645500 0.0139534884
5646000 0.0150987224
5648500 0.0150987224
5649000 0.0162037037
5651500 0.0162037037
5652000 0.0150637312
5654500 0.0150637312
5655000 0.0150637312
5657500 0.0150637312
5658000 0.0127610209
5660500 0.0127610209
5661000 0.0104529617
5663500 0.0104529617
5664000 0.008168028
5666500 0.008168028
5667000 0.00700934579
5669500 0.00700934579
5670000 0.00700934579
5672500 0.00700934579
5673000 0.0058411215
5675500 0.0058411215
5676000 0.00700116686
5678500 0.00700116686
5679000 0.00468384075
5681500 0.00468384075
5682000 0.00700116686
5684500 0.00700116686
5685000 0.00700116686
5687500 0.00700116686
5688000 0.00700116686
5690500 0.00700116686
5691000 0.00814901048
5693500 0.00814901048
5694000 0.00929152149
5696500 0.00929152149
5697000 0.00926998841
5699500 0.00926998841
5700000 0.0081300813
5702500 0.0081300813
5703000 0.0127314815
5705500 0.0127314815
5706000 0.0127314815
5708500 0.0127314815
5709000 0.0138888889
5711500 0.0138888889
5712000 0.0138888889
5714500 0.0138888889
5715000 0.0127610209
5717500 0.0127610209
5718000 0.00815850816
5720500 0.00815850816
5721000 0.00815850816
5723500 0.00815850816
5724000 0.00813953488
5726500 0.00813953488
5727000 0.00930232558
5729500 0.00930232558
5730000 0.00930232558
5732500 0.00930232558
5733000 0.0116009281
5735500 0.0116009281
5736000 0.0127462341
5738500 0.0127462341
5739000 0.0115874855
5741500 0.0115874855
5742000 0.012716763
5744500 0.012716763
5745000 0.0150115473
5747500 0.0150115473
5748000 0.0138568129
5750500 0.0138568129
5751000 0.0161290323
5753500 0.0161290323
5754000 0.0138728324
5756500 0.0138728324
5757000 0.0138568129
5759500 0.0138568129
5760000 0.0138728324
5762500 0.0138728324
5763000 0.0127314815
5765500 0.0127314815
5766000 0.0150289017
5768500 0.0150289017
5769000 0.0173010381
5771500 0.0173010381
5772000 0.0161476355
5774500 0.0161476355
5775000 0.014994233
5777500 0.014994233
5778000 0.0183908046
5780500 0.0183908046
5781000 0.0161104718
5783500 0.0161104718
5784000 0.0161104718
5786500 0.0161104718
5787000 0.0149769585
5789500 0.0149769585
5790000 0.0127020785
5792500 0.0127020785
5793000 0.0127020785
5795500 0.0127020785
5796000 0.0115740741
5798500 0.0115740741
5799000 0.0115740741
5801500 0.0115740741
5802000 0.0115606936
5804500 0.0115606936
5805000 0.0115740741
5807500 0.0115740741
5808000 0.0127020785
5810500 0.0127020785
5811000 0.0138408304
5813500 0.0138408304
5814000 0.0149769585
5816500 0.0149769585
5817000 0.0115606936
5819500 0.0115606936
5820000 0.00926998841
5822500 0.00926998841
5823000 0.0127020785
5825500 0.0127020785
5826000 0.0127020785
5828500 0.0127020785
5829000 0.0138408304
5831500 0.0138408304
5832000 0.0172413793
5834500 0.0172413793
5835000 0.014994233
5837500 0.014994233
5838000 0.0138568129
5840500 0.0138568129
5841000 0.0138568129
5843500 0.0138568129
5844000 0.0127020785
5846500 0.0127020785
5847000 0.0115606936
5849500 0.0115606936
5850000 0.0115606936
5852500 0.0115606936
5853000 0.0104166667
5855500 0.0104166667
5856000 0.0115606936
5858500 0.0115606936
5859000 0.012716763
5861500 0.012716763
5862000 0.012716763
5864500 0.012716763
5865000 0.0138568129
5867500 0.0138568129
5868000 0.0161290323
5870500 0.0161290323
5871000 0.0138568129
5873500 0.0138568129
5874000 0.0138568129
5876500 0.0138568129
5877000 0.0115740741
5879500 0.0115740741
5880000 0.010428737
5882500 0.010428737
5883000 0.0115740741
5885500 0.0115740741
5886000 0.0115874855
5888500 0.0115874855
5889000 0.0081300813
5891500 0.0081300813
5892000 0.00813953488
5894500 0.00813953488
5895000 0.00466744457
5897500 0.00466744457
5898000 0.00698486612
5900500 0.00698486612
5901000 0.00698486612
5903500 0.00698486612
5904000 0.00814901048
5906500 0.00814901048
5907000 0.00699300699
5909500 0.00699300699
5910000 0.00699300699
5912500 0.00699300699
5913000 0.00583430572
5915500 0.00583430572
5916000 0.00583430572
5918500 0.00583430572
5919000 0.00583430572
5921500 0.00583430572
5922000 0.0104408353
5924500 0.0104408353
5925000 0.0115740741
5927500 0.0115740741
5928000 0.0115740741
5930500 0.0115740741
5931000 0.0116009281
5933500 0.0116009281
5934000 0.0115874855
5936500 0.0115874855
5937000 0.0127314815
5939500 0.0127314815
5940000 0.0161662818
5942500 0.0161662818
5943000 0.0150289017
5945500 0.0150289017
5946000 0.0116144019
5948500 0.0116144019
5949000 0.012775842
5951500 0.012775842
5952000 0.0104651163
5954500 0.0104651163
5955000 0.0139049826
5957500 0.0139049826
5958000 0.0150462963
5960500 0.0150462963
5961000 0.00931315483
5963500 0.00931315483
5964000 0.00931315483
5966500 0.00931315483
5967000 0.00930232558
5969500 0.00930232558
5970000 0.0116009281
5972500 0.0116009281
5973000 0.00929152149
5975500 0.00929152149
5976000 0.0104408353
5978500 0.0104408353
5979000 0.0104408353
5981500 0.0104408353
5982000 0.00930232558
5984500 0.00930232558
5985000 0.00931315483
5987500 0.00931315483
5988000 0.00467836257
5990500 0.00467836257
5991000 0.0058411215
5993500 0.0058411215
5994000 0.00699300699
5996500 0.00699300699
5997000 0.00930232558
5999500 0.00930232558
6000000 0.00932400932
