#STEP MOLFRAC_DIOX
2500 0.0189798339
3000 0.0201421801
5500 0.0201421801
6000 0.0213017751
8500 0.0213017751
9000 0.0213017751
11500 0.0213017751
12000 0.0189798339
14500 0.0189798339
15000 0.0178571429
17500 0.0178571429
18000 0.0154761905
20500 0.0154761905
21000 0.0154761905
23500 0.0154761905
24000 0.0178147268
26500 0.0178147268
27000 0.0143027414
29500 0.0143027414
30000 0.0119474313
32500 0.0119474313
33000 0.0131264916
35500 0.0131264916
36000 0.0143027414
38500 0.0143027414
39000 0.0142857143
41500 0.0142857143
42000 0.0142857143
44500 0.0142857143
45000 0.0166270784
47500 0.0166270784
48000 0.0178147268
50500 0.0178147268
51000 0.0143027414
53500 0.0143027414
54000 0.0131108462
56500 0.0131108462
57000 0.0142517815
59500 0.0142517815
60000 0.0118906064
62500 0.0118906064
63000 0.0130796671
65500 0.0130796671
66000 0.0154394299
68500 0.0154394299
69000 0.0166073547
71500 0.0166073547
72000 0.0165876777
74500 0.0165876777
75000 0.0177304965
77500 0.0177304965
78000 0.0142348754
80500 0.0142348754
81000 0.013064133
83500 0.013064133
84000 0.0142180095
86500 0.0142180095
87000 0.0153664303
89500 0.0153664303
90000 0.0177095632
92500 0.0177095632
93000 0.0153846154
95500 0.0153846154
96000 0.0176886792
98500 0.0176886792
99000 0.0130331754
101500 0.0130331754
102000 0.0142011834
104500 0.0142011834
105000 0.0154028436
107500 0.0154028436
108000 0.0130486358
110500 0.0130486358
111000 0.0118764846
113500 0.0118764846
114000 0.013064133
116500 0.013064133
117000 0.0107015458
119500 0.0107015458
120000 0.00952380952
122500 0.00952380952
123000 0.0118764846
125500 0.0118764846
126000 0.0130486358
128500 0.0130486358
129000 0.0118623962
131500 0.0118623962
132000 0.0118483412
134500 0.0118483412
135000 0.0106761566
137500 0.0106761566
138000 0.0118764846
140500 0.0118764846
141000 0.00950118765
143500 0.00950118765
144000 0.0118483412
146500 0.0118483412
147000 0.00948991696
149500 0.00948991696
150000 0.0106761566
152500 0.0106761566
153000 0.0130331754
155500 0.0130331754
156000 0.0106888361
158500 0.0106888361
159000 0.00951248514
161500 0.00951248514
162000 0.00596658711
164500 0.00596658711
165000 0.00832342449
167500 0.00832342449
168000 0.00952380952
170500 0.00952380952
171000 0.0130486358
173500 0.0130486358
174000 0.0130486358
176500 0.0130486358
177000 0.0165289256
179500 0.0165289256
180000 0.0153846154
182500 0.0153846154
183000 0.0153846154
185500 0.0153846154
186000 0.0153846154
188500 0.0153846154
189000 0.0130331754
191500 0.0130331754
192000 0.016509434
194500 0.016509434
195000 0.0176886792
197500 0.0176886792
198000 0.0176470588
200500 0.0176470588
201000 0.0164705882
203500 0.0164705882
204000 0.0164705882
206500 0.0164705882
207000 0.01992966
209500 0.01992966
210000 0.017626322
212500 0.017626322
213000 0.0141676505
215500 0.0141676505
216000 0.0106635071
218500 0.0106635071
219000 0.00831353919
221500 0.00831353919
222000 0.0118483412
224500 0.0118483412
225000 0.0130177515
227500 0.0130177515
228000 0.0142011834
230500 0.0142011834
231000 0.0142011834
233500 0.0142011834
234000 0.0130331754
236500 0.0130331754
237000 0.0153664303
239500 0.0153664303
240000 0.0153664303
242500 0.0153664303
243000 0.0142180095
245500 0.0142180095
246000 0.0153846154
248500 0.0153846154
249000 0.0118764846
251500 0.0118764846
252000 0.0188679245
254500 0.0188679245
255000 0.0200235571
257500 0.0200235571
258000 0.0212014134
260500 0.0212014134
261000 0.0188457008
263500 0.0188457008
264000 0.0153482881
266500 0.0153482881
267000 0.0141676505
269500 0.0141676505
270000 0.0141676505
272500 0.0141676505
273000 0.0153482881
275500 0.0153482881
276000 0.0153664303
278500 0.0153664303
279000 0.0223004695
281500 0.0223004695
282000 0.0211764706
284500 0.0211764706
285000 0.0212014134
287500 0.0212014134
288000 0.0212014134
290500 0.0212014134
291000 0.0223529412
293500 0.0223529412
294000 0.0212014134
296500 0.0212014134
297000 0.0200235571
299500 0.0200235571
300000 0.0211764706
302500 0.0211764706
303000 0.0188902007
305500 0.0188902007
306000 0.0154211151
308500 0.0154211151
309000 0.0165876777
311500 0.0165876777
312000 0.0177304965
314500 0.0177304965
315000 0.0165484634
317500 0.0165484634
318000 0.0188679245
320500 0.0188679245
321000 0.0176886792
323500 0.0176886792
324000 0.0153301887
326500 0.0153301887
327000 0.0164705882
329500 0.0164705882
330000 0.0141342756
332500 0.0141342756
333000 0.0164512338
335500 0.0164512338
336000 0.0106382979
338500 0.0106382979
339000 0.012987013
341500 0.012987013
342000 0.0130023641
344500 0.0130023641
345000 0.012987013
347500 0.012987013
348000 0.0153121319
350500 0.0153121319
351000 0.0141509434
353500 0.0141509434
354000 0.017626322
356500 0.017626322
357000 0.0141342756
359500 0.0141342756
360000 0.0141509434
362500 0.0141509434
363000 0.0141509434
365500 0.0141509434
366000 0.012987013
368500 0.012987013
369000 0.0141676505
371500 0.0141676505
372000 0.0153482881
374500 0.0153482881
375000 0.016509434
377500 0.016509434
378000 0.0130177515
380500 0.0130177515
381000 0.0153664303
383500 0.0153664303
384000 0.0142011834
386500 0.0142011834
387000 0.0130331754
389500 0.0130331754
390000 0.0153664303
392500 0.0153664303
393000 0.0153482881
395500 0.0153482881
396000 0.0130177515
398500 0.0130177515
399000 0.0153482881
401500 0.0153482881
402000 0.0188235294
404500 0.0188235294
405000 0.0188014101
407500 0.0188014101
408000 0.0176678445
410500 0.0176678445
411000 0.0176678445
413500 0.0176678445
414000 0.0176470588
416500 0.0176470588
417000 0.0153482881
419500 0.0153482881
420000 0.016509434
422500 0.016509434
423000 0.0211764706
425500 0.0211764706
426000 0.0223004695
428500 0.0223004695
429000 0.0211267606
431500 0.0211267606
432000 0.0211267606
434500 0.0211267606
435000 0.0153301887
437500 0.0153301887
438000 0.0153301887
440500 0.0153301887
441000 0.0141676505
443500 0.0141676505
444000 0.0141843972
446500 0.0141843972
447000 0.0153301887
449500 0.0153301887
450000 0.0141676505
452500 0.0141676505
453000 0.0188014101
455500 0.0188014101
456000 0.0164899882
458500 0.0164899882
459000 0.0153301887
461500 0.0153301887
462000 0.0141676505
464500 0.0141676505
465000 0.0118483412
467500 0.0118483412
468000 0.00950118765
470500 0.00950118765
471000 0.00948991696
473500 0.00948991696
474000 0.00831353919
476500 0.00831353919
477000 0.011820331
479500 0.011820331
480000 0.0129716981
482500 0.0129716981
483000 0.012987013
485500 0.012987013
486000 0.0118063754
488500 0.0118063754
489000 0.0141342756
491500 0.0141342756
492000 0.0164512338
494500 0.0164512338
495000 0.0153121319
497500 0.0153121319
498000 0.0141509434
500500 0.0141509434
501000 0.012987013
503500 0.012987013
504000 0.012987013
506500 0.012987013
507000 0.0106635071
509500 0.0106635071
510000 0.0106761566
512500 0.0106761566
513000 0.00948991696
515500 0.00948991696
516000 0.0130023641
518500 0.0130023641
519000 0.0106635071
521500 0.0106635071
522000 0.011820331
524500 0.011820331
525000 0.00946745562
527500 0.00946745562
528000 0.0106382979
530500 0.0106382979
531000 0.00946745562
533500 0.00946745562
534000 0.00947867299
536500 0.00947867299
537000 0.0106635071
539500 0.0106635071
540000 0.00948991696
542500 0.00948991696
543000 0.00834326579
545500 0.00834326579
546000 0.0118764846
548500 0.0118764846
549000 0.0142011834
551500 0.0142011834
552000 0.0130331754
554500 0.0130331754
555000 0.0118623962
557500 0.0118623962
558000 0.0106888361
560500 0.0106888361
561000 0.00831353919
563500 0.00831353919
564000 0.00951248514
566500 0.00951248514
567000 0.0106888361
569500 0.0106888361
570000 0.0118623962
572500 0.0118623962
573000 0.0130486358
575500 0.0130486358
576000 0.0177304965
578500 0.0177304965
579000 0.0188902007
581500 0.0188902007
582000 0.0177514793
584500 0.0177514793
585000 0.0165876777
587500 0.0165876777
588000 0.0188902007
590500 0.0188902007
591000 0.0200471698
593500 0.0200471698
594000 0.0177095632
596500 0.0177095632
597000 0.0176886792
599500 0.0176886792
600000 0.0165484634
602500 0.0165484634
603000 0.0142011834
605500 0.0142011834
606000 0.0118623962
608500 0.0118623962
609000 0.0165289256
611500 0.0165289256
612000 0.0176886792
614500 0.0176886792
615000 0.0177095632
617500 0.0177095632
618000 0.0177095632
620500 0.0177095632
621000 0.0188902007
623500 0.0188902007
624000 0.0165876777
626500 0.0165876777
627000 0.0188902007
629500 0.0188902007
630000 0.0142517815
632500 0.0142517815
633000 0.0142348754
635500 0.0142348754
636000 0.0118764846
638500 0.0118764846
639000 0.0118764846
641500 0.0118764846
642000 0.0118906064
644500 0.0118906064
645000 0.013064133
647500 0.013064133
648000 0.0153846154
650500 0.0153846154
651000 0.0153846154
653500 0.0153846154
654000 0.0130486358
656500 0.0130486358
657000 0.0142348754
659500 0.0142348754
660000 0.0119047619
662500 0.0119047619
663000 0.00954653938
665500 0.00954653938
666000 0.010727056
668500 0.010727056
669000 0.0142517815
671500 0.0142517815
672000 0.0142687277
674500 0.0142687277
675000 0.0154394299
677500 0.0154394299
678000 0.0142687277
680500 0.0142687277
681000 0.0154394299
683500 0.0154394299
684000 0.0177725118
686500 0.0177725118
687000 0.0177514793
689500 0.0177514793
690000 0.0165876777
692500 0.0165876777
693000 0.0165680473
695500 0.0165680473
696000 0.0154211151
698500 0.0154211151
699000 0.0200708383
701500 0.0200708383
702000 0.0223792697
704500 0.0223792697
705000 0.0223792697
707500 0.0223792697
708000 0.0224056604
710500 0.0224056604
711000 0.0224056604
713500 0.0224056604
714000 0.0212765957
716500 0.0212765957
717000 0.0201183432
719500 0.0201183432
720000 0.0236686391
722500 0.0236686391
723000 0.025974026
725500 0.025974026
726000 0.0282685512
728500 0.0282685512
729000 0.0271226415
731500 0.0271226415
732000 0.025974026
734500 0.025974026
735000 0.0224852071
737500 0.0224852071
738000 0.0201660735
740500 0.0201660735
741000 0.0213270142
743500 0.0213270142
744000 0.0166865316
746500 0.0166865316
747000 0.0167064439
749500 0.0167064439
750000 0.0190023753
752500 0.0190023753
753000 0.019047619
755500 0.019047619
756000 0.0201660735
758500 0.0201660735
759000 0.016646849
761500 0.016646849
762000 0.0189798339
764500 0.0189798339
765000 0.0201421801
767500 0.0201421801
768000 0.0201421801
770500 0.0201421801
771000 0.0190023753
773500 0.0190023753
774000 0.0190023753
776500 0.0190023753
777000 0.0178359096
779500 0.0178359096
780000 0.016646849
782500 0.016646849
783000 0.0166666667
785500 0.0166666667
786000 0.0143369176
788500 0.0143369176
789000 0.0155316607
791500 0.0155316607
792000 0.0178571429
794500 0.0178571429
795000 0.0167064439
797500 0.0167064439
798000 0.0143369176
800500 0.0143369176
801000 0.0166865316
803500 0.0166865316
804000 0.0131736527
806500 0.0131736527
807000 0.0119904077
809500 0.0119904077
810000 0.0131736527
812500 0.0131736527
813000 0.0143712575
815500 0.0143712575
816000 0.0131736527
818500 0.0131736527
819000 0.0154761905
821500 0.0154761905
822000 0.016646849
824500 0.016646849
825000 0.0142857143
827500 0.0142857143
828000 0.0142857143
830500 0.0142857143
831000 0.0131108462
833500 0.0131108462
834000 0.0166270784
836500 0.0166270784
837000 0.0143198091
839500 0.0143198091
840000 0.0189798339
842500 0.0189798339
843000 0.0154761905
845500 0.0154761905
846000 0.0166270784
848500 0.0166270784
849000 0.0154577883
851500 0.0154577883
852000 0.0119189511
854500 0.0119189511
855000 0.0131108462
857500 0.0131108462
858000 0.0130952381
860500 0.0130952381
861000 0.0130952381
863500 0.0130952381
864000 0.010727056
866500 0.010727056
867000 0.00955794504
869500 0.00955794504
870000 0.0107398568
872500 0.0107398568
873000 0.0131108462
875500 0.0131108462
876000 0.0130952381
878500 0.0130952381
879000 0.0165876777
881500 0.0165876777
882000 0.0131108462
884500 0.0131108462
885000 0.0154761905
887500 0.0154761905
888000 0.0178571429
890500 0.0178571429
891000 0.0143369176
893500 0.0143369176
894000 0.0166865316
896500 0.0166865316
897000 0.0190023753
899500 0.0190023753
900000 0.0190023753
902500 0.0190023753
903000 0.0201660735
905500 0.0201660735
906000 0.0201660735
908500 0.0201660735
909000 0.0178359096
911500 0.0178359096
912000 0.0154946365
914500 0.0154946365
915000 0.0143369176
917500 0.0143369176
918000 0.0143198091
920500 0.0143198091
921000 0.0154761905
923500 0.0154761905
924000 0.0131421744
926500 0.0131421744
927000 0.0143198091
929500 0.0143198091
930000 0.0131421744
932500 0.0131421744
933000 0.0154946365
935500 0.0154946365
936000 0.014354067
938500 0.014354067
939000 0.0167064439
941500 0.0167064439
942000 0.014354067
944500 0.014354067
945000 0.019047619
947500 0.019047619
948000 0.0225921522
950500 0.0225921522
951000 0.0214285714
953500 0.0214285714
954000 0.0202622169
956500 0.0202622169
957000 0.021454112
959500 0.021454112
960000 0.0214285714
962500 0.0214285714
963000 0.0190703218
965500 0.0190703218
966000 0.0202380952
968500 0.0202380952
969000 0.0178997613
971500 0.0178997613
972000 0.0155502392
974500 0.0155502392
975000 0.0143884892
977500 0.0143884892
978000 0.0143884892
980500 0.0143884892
981000 0.0155502392
983500 0.0155502392
984000 0.0155316607
986500 0.0155316607
987000 0.0178997613
989500 0.0178997613
990000 0.0155316607
992500 0.0155316607
993000 0.014354067
995500 0.014354067
996000 0.0155316607
998500 0.0155316607
999000 0.014354067
1001500 0.014354067
1002000 0.0178571429
1004500 0.0178571429
1005000 0.0167064439
1007500 0.0167064439
1008000 0.0190023753
1010500 0.0190023753
1011000 0.0154946365
1013500 0.0154946365
1014000 0.0166666667
1016500 0.0166666667
1017000 0.0166666667
1019500 0.0166666667
1020000 0.0131421744
1022500 0.0131421744
1023000 0.0143198091
1025500 0.0143198091
1026000 0.0166666667
1028500 0.0166666667
1029000 0.0143027414
1031500 0.0143027414
1032000 0.016646849
1034500 0.016646849
1035000 0.0154946365
1037500 0.0154946365
1038000 0.0166666667
1040500 0.0166666667
1041000 0.0155131265
1043500 0.0155131265
1044000 0.0107913669
1046500 0.0107913669
1047000 0.00959232614
1049500 0.00959232614
1050000 0.0119617225
1052500 0.0119617225
1053000 0.0107913669
1055500 0.0107913669
1056000 0.0131421744
1058500 0.0131421744
1059000 0.0131264916
1061500 0.0131264916
1062000 0.0131264916
1064500 0.0131264916
1065000 0.0119474313
1067500 0.0119474313
1068000 0.0143027414
1070500 0.0143027414
1071000 0.0131421744
1073500 0.0131421744
1074000 0.0131421744
1076500 0.0131421744
1077000 0.00956937799
1079500 0.00956937799
1080000 0.0107398568
1082500 0.0107398568
1083000 0.00954653938
1085500 0.00954653938
1086000 0.00835322196
1088500 0.00835322196
1089000 0.00716845878
1091500 0.00716845878
1092000 0.00835322196
1094500 0.00835322196
1095000 0.0107142857
1097500 0.0107142857
1098000 0.00953516091
1100500 0.00953516091
1101000 0.010727056
1103500 0.010727056
1104000 0.00955794504
1106500 0.00955794504
1107000 0.0119331742
1109500 0.0119331742
1110000 0.0107398568
1112500 0.0107398568
1113000 0.0154394299
1115500 0.0154394299
1116000 0.0165876777
1118500 0.0165876777
1119000 0.0166073547
1121500 0.0166073547
1122000 0.0142517815
1124500 0.0142517815
1125000 0.0142348754
1127500 0.0142348754
1128000 0.010727056
1130500 0.010727056
1131000 0.0119047619
1133500 0.0119047619
1134000 0.0165876777
1136500 0.0165876777
1137000 0.0165876777
1139500 0.0165876777
1140000 0.0188679245
1142500 0.0188679245
1143000 0.0188679245
1145500 0.0188679245
1146000 0.0153846154
1148500 0.0153846154
1149000 0.0142180095
1151500 0.0142180095
1152000 0.0165484634
1154500 0.0165484634
1155000 0.0142180095
1157500 0.0142180095
1158000 0.0188902007
1160500 0.0188902007
1161000 0.0177304965
1163500 0.0177304965
1164000 0.0154028436
1166500 0.0154028436
1167000 0.013064133
1169500 0.013064133
1170000 0.0165680473
1172500 0.0165680473
1173000 0.0154028436
1175500 0.0154028436
1176000 0.0154028436
1178500 0.0154028436
1179000 0.0118764846
1181500 0.0118764846
1182000 0.0130486358
1184500 0.0130486358
1185000 0.0142348754
1187500 0.0142348754
1188000 0.0142180095
1190500 0.0142180095
1191000 0.0165484634
1193500 0.0165484634
1194000 0.0177304965
1196500 0.0177304965
1197000 0.0177304965
1199500 0.0177304965
1200000 0.0188902007
1202500 0.0188902007
1203000 0.0177095632
1205500 0.0177095632
1206000 0.0165484634
1208500 0.0165484634
1209000 0.016509434
1211500 0.016509434
1212000 0.0141843972
1214500 0.0141843972
1215000 0.0188679245
1217500 0.0188679245
1218000 0.0153846154
1220500 0.0153846154
1221000 0.0142180095
1223500 0.0142180095
1224000 0.0142180095
1226500 0.0142180095
1227000 0.0130177515
1229500 0.0130177515
1230000 0.0118483412
1232500 0.0118483412
1233000 0.0130177515
1235500 0.0130177515
1236000 0.0118483412
1238500 0.0118483412
1239000 0.0106761566
1241500 0.0106761566
1242000 0.0118483412
1244500 0.0118483412
1245000 0.0106635071
1247500 0.0106635071
1248000 0.0106635071
1250500 0.0106635071
1251000 0.00595947557
1253500 0.00595947557
1254000 0.00832342449
1256500 0.00832342449
1257000 0.00948991696
1259500 0.00948991696
1260000 0.0106508876
1262500 0.0106508876
1263000 0.0106508876
1265500 0.0106508876
1266000 0.011820331
1268500 0.011820331
1269000 0.012987013
1271500 0.012987013
1272000 0.012987013
1274500 0.012987013
1275000 0.0141509434
1277500 0.0141509434
1278000 0.012987013
1280500 0.012987013
1281000 0.0153121319
1283500 0.0153121319
1284000 0.0141509434
1286500 0.0141509434
1287000 0.0175849941
1289500 0.0175849941
1290000 0.0175849941
1292500 0.0175849941
1293000 0.0187134503
1295500 0.0187134503
1296000 0.0175849941
1298500 0.0175849941
1299000 0.0164899882
1301500 0.0164899882
1302000 0.0199764982
1304500 0.0199764982
1305000 0.0223004695
1307500 0.0223004695
1308000 0.0199764982
1310500 0.0199764982
1311000 0.0211267606
1313500 0.0211267606
1314000 0.0222743259
1316500 0.0222743259
1317000 0.0245614035
1319500 0.0245614035
1320000 0.0233918129
1322500 0.0233918129
1323000 0.0199530516
1325500 0.0199530516
1326000 0.01992966
1328500 0.01992966
1329000 0.018735363
1331500 0.018735363
1332000 0.018735363
1334500 0.018735363
1335000 0.0152761457
1337500 0.0152761457
1338000 0.0152761457
1340500 0.0152761457
1341000 0.0164319249
1343500 0.0164319249
1344000 0.0164512338
1346500 0.0164512338
1347000 0.0164512338
1349500 0.0164512338
1350000 0.011778563
1352500 0.011778563
1353000 0.015258216
1355500 0.015258216
1356000 0.015258216
1358500 0.015258216
1359000 0.0187134503
1361500 0.0187134503
1362000 0.0152761457
1364500 0.0152761457
1365000 0.0175849941
1367500 0.0175849941
1368000 0.015258216
1370500 0.015258216
1371000 0.0129564193
1373500 0.0129564193
1374000 0.0117924528
1376500 0.0117924528
1377000 0.0117924528
1379500 0.0117924528
1380000 0.0129564193
1382500 0.0129564193
1383000 0.0152761457
1385500 0.0152761457
1386000 0.011778563
1388500 0.011778563
1389000 0.00943396226
1391500 0.00943396226
1392000 0.0117647059
1394500 0.0117647059
1395000 0.0117508813
1397500 0.0117508813
1398000 0.0140679953
1400500 0.0140679953
1401000 0.0152403283
1403500 0.0152403283
1404000 0.0152224824
1406500 0.0152224824
1407000 0.0117508813
1409500 0.0117508813
1410000 0.0140679953
1412500 0.0140679953
1413000 0.0140679953
1415500 0.0140679953
1416000 0.016374269
1418500 0.016374269
1419000 0.0152224824
1421500 0.0152224824
1422000 0.0140679953
1424500 0.0140679953
1425000 0.0129107981
1427500 0.0129107981
1428000 0.0117508813
1430500 0.0117508813
1431000 0.0140515222
1433500 0.0140515222
1434000 0.0140679953
1436500 0.0140679953
1437000 0.016374269
1439500 0.016374269
1440000 0.014084507
1442500 0.014084507
1443000 0.016374269
1445500 0.016374269
1446000 0.0151869159
1448500 0.0151869159
1449000 0.016336056
1451500 0.016336056
1452000 0.016336056
1454500 0.016336056
1455000 0.0151869159
1457500 0.0151869159
1458000 0.016336056
1460500 0.016336056
1461000 0.0151869159
1463500 0.0151869159
1464000 0.0128805621
1466500 0.0128805621
1467000 0.0117233294
1469500 0.0117233294
1470000 0.0105263158
1472500 0.0105263158
1473000 0.0105509965
1475500 0.0105509965
1476000 0.0128504673
1478500 0.0128504673
1479000 0.011682243
1481500 0.011682243
1482000 0.0105140187
1484500 0.0105140187
1485000 0.0116686114
1487500 0.0116686114
1488000 0.00935672515
1490500 0.00935672515
1491000 0.00932400932
1493500 0.00932400932
1494000 0.00933488915
1496500 0.00933488915
1497000 0.00701754386
1499500 0.00701754386
1500000 0.00468933177
1502500 0.00468933177
1503000 0.00352526439
1505500 0.00352526439
1506000 0.0058685446
1508500 0.0058685446
1509000 0.00586166471
1511500 0.00586166471
1512000 0.00586166471
1514500 0.00586166471
1515000 0.00588235294
1517500 0.00588235294
1518000 0.00587544066
1520500 0.00587544066
1521000 0.00703399766
1523500 0.00703399766
1524000 0.0093676815
1526500 0.0093676815
1527000 0.011682243
1529500 0.011682243
1530000 0.0105386417
1532500 0.0105386417
1533000 0.0116959064
1535500 0.0116959064
1536000 0.00821596244
1538500 0.00821596244
1539000 0.00821596244
1541500 0.00821596244
1542000 0.00705052879
1544500 0.00705052879
1545000 0.00821596244
1547500 0.00821596244
1548000 0.00937866354
1550500 0.00937866354
1551000 0.00937866354
1553500 0.00937866354
1554000 0.0105386417
1556500 0.0105386417
1557000 0.0105386417
1559500 0.0105386417
1560000 0.0105386417
1562500 0.0105386417
1563000 0.00821596244
1565500 0.00821596244
1566000 0.0116959064
1568500 0.0116959064
1569000 0.0116959064
1571500 0.0116959064
1572000 0.011682243
1574500 0.011682243
1575000 0.0105263158
1577500 0.0105263158
1578000 0.00935672515
1580500 0.00935672515
1581000 0.0116686114
1583500 0.0116686114
1584000 0.0116959064
1586500 0.0116959064
1587000 0.00935672515
1589500 0.00935672515
1590000 0.00934579439
1592500 0.00934579439
1593000 0.0081871345
1595500 0.0081871345
1596000 0.00817757009
1598500 0.00817757009
1599000 0.00932400932
1601500 0.00932400932
1602000 0.00931315483
1604500 0.00931315483
1605000 0.0116144019
1607500 0.0116144019
1608000 0.0104651163
1610500 0.0104651163
1611000 0.00815850816
1613500 0.00815850816
1614000 0.00700116686
1616500 0.00700116686
1617000 0.00700934579
1619500 0.00700934579
1620000 0.00932400932
1622500 0.00932400932
1623000 0.0104895105
1625500 0.0104895105
1626000 0.0116414435
1628500 0.0116414435
1629000 0.00933488915
1631500 0.00933488915
1632000 0.00701754386
1634500 0.00701754386
1635000 0.00468384075
1637500 0.00468384075
1638000 0.00700934579
1640500 0.00700934579
1641000 0.00932400932
1643500 0.00932400932
1644000 0.0116414435
1646500 0.0116414435
1647000 0.0116550117
1649500 0.0116550117
1650000 0.0105017503
1652500 0.0105017503
1653000 0.0105017503
1655500 0.0105017503
1656000 0.0128205128
1658500 0.0128205128
1659000 0.0151338766
1661500 0.0151338766
1662000 0.011682243
1664500 0.011682243
1665000 0.0093676815
1667500 0.0093676815
1668000 0.0105263158
1670500 0.0105263158
1671000 0.00819672131
1673500 0.00819672131
1674000 0.00819672131
1676500 0.00819672131
1677000 0.00703399766
1679500 0.00703399766
1680000 0.00703399766
1682500 0.00703399766
1683000 0.00704225352
1685500 0.00704225352
1686000 0.00819672131
1688500 0.00819672131
1689000 0.0105386417
1691500 0.0105386417
1692000 0.0105386417
1694500 0.0105386417
1695000 0.0151515152
1697500 0.0151515152
1698000 0.0163170163
1700500 0.0163170163
1701000 0.0174621653
1703500 0.0174621653
1704000 0.0163170163
1706500 0.0163170163
1707000 0.016336056
1709500 0.016336056
1710000 0.0140350877
1712500 0.0140350877
1713000 0.0151869159
1715500 0.0151869159
1716000 0.0140350877
1718500 0.0140350877
1719000 0.0140515222
1721500 0.0140515222
1722000 0.0152046784
1724500 0.0152046784
1725000 0.0175029172
1727500 0.0175029172
1728000 0.0186480186
1730500 0.0186480186
1731000 0.0175233645
1733500 0.0175233645
1734000 0.0141010576
1736500 0.0141010576
1737000 0.011778563
1739500 0.011778563
1740000 0.0140679953
1742500 0.0140679953
1743000 0.0152046784
1745500 0.0152046784
1746000 0.0152046784
1748500 0.0152046784
1749000 0.0140515222
1751500 0.0140515222
1752000 0.0152046784
1754500 0.0152046784
1755000 0.0140679953
1757500 0.0140679953
1758000 0.0117647059
1760500 0.0117647059
1761000 0.00943396226
1763500 0.00943396226
1764000 0.00825471698
1766500 0.00825471698
1767000 0.00941176471
1769500 0.00941176471
1770000 0.0117508813
1772500 0.0117508813
1773000 0.0117508813
1775500 0.0117508813
1776000 0.0105882353
1778500 0.0105882353
1779000 0.00941176471
1781500 0.00941176471
1782000 0.0070754717
1784500 0.0070754717
1785000 0.00824499411
1787500 0.00824499411
1788000 0.00824499411
1790500 0.00824499411
1791000 0.0117508813
1793500 0.0117508813
1794000 0.0105882353
1796500 0.0105882353
1797000 0.0128805621
1799500 0.0128805621
1800000 0.0140515222
1802500 0.0140515222
1803000 0.0128956624
1805500 0.0128956624
1806000 0.014084507
1808500 0.014084507
1809000 0.0129259694
1811500 0.0129259694
1812000 0.0117647059
1814500 0.0117647059
1815000 0.0152403283
1817500 0.0152403283
1818000 0.0141010576
1820500 0.0141010576
1821000 0.015258216
1823500 0.015258216
1824000 0.0141010576
1826500 0.0141010576
1827000 0.014084507
1829500 0.014084507
1830000 0.0141010576
1832500 0.0141010576
1833000 0.0141176471
1835500 0.0141176471
1836000 0.0152761457
1838500 0.0152761457
1839000 0.0152941176
1841500 0.0152941176
1842000 0.011820331
1844500 0.011820331
1845000 0.012987013
1847500 0.012987013
1848000 0.0141509434
1850500 0.0141509434
1851000 0.0106508876
1853500 0.0106508876
1854000 0.0141676505
1856500 0.0141676505
1857000 0.0164899882
1859500 0.0164899882
1860000 0.0153301887
1862500 0.0153301887
1863000 0.0130023641
1865500 0.0130023641
1866000 0.016509434
1868500 0.016509434
1869000 0.0176678445
1871500 0.0176678445
1872000 0.0176678445
1874500 0.0176678445
1875000 0.0153664303
1877500 0.0153664303
1878000 0.0153664303
1880500 0.0153664303
1881000 0.0188902007
1883500 0.0188902007
1884000 0.0189125296
1886500 0.0189125296
1887000 0.0165680473
1889500 0.0165680473
1890000 0.0142011834
1892500 0.0142011834
1893000 0.0130177515
1895500 0.0130177515
1896000 0.0141676505
1898500 0.0141676505
1899000 0.0153301887
1901500 0.0153301887
1902000 0.0130023641
1904500 0.0130023641
1905000 0.011820331
1907500 0.011820331
1908000 0.0106508876
1910500 0.0106508876
1911000 0.0129716981
1913500 0.0129716981
1914000 0.0118063754
1916500 0.0118063754
1917000 0.0129564193
1919500 0.0129564193
1920000 0.0152761457
1922500 0.0152761457
1923000 0.0175849941
1925500 0.0175849941
1926000 0.0164319249
1928500 0.0164319249
1929000 0.011778563
1931500 0.011778563
1932000 0.0141176471
1934500 0.0141176471
1935000 0.0129411765
1937500 0.0129411765
1938000 0.0106257379
1940500 0.0106257379
1941000 0.0117924528
1943500 0.0117924528
1944000 0.0106257379
1946500 0.0106257379
1947000 0.00946745562
1949500 0.00946745562
1950000 0.0129716981
1952500 0.0129716981
1953000 0.0117924528
1955500 0.0117924528
1956000 0.0118063754
1958500 0.0118063754
1959000 0.00945626478
1961500 0.00945626478
1962000 0.00829383886
1964500 0.00829383886
1965000 0.00947867299
1967500 0.00947867299
1968000 0.0106382979
1970500 0.0106382979
1971000 0.012987013
1973500 0.012987013
1974000 0.0141342756
1976500 0.0141342756
1977000 0.012987013
1979500 0.012987013
1980000 0.0118063754
1982500 0.0118063754
1983000 0.0141509434
1985500 0.0141509434
1986000 0.0153301887
1988500 0.0153301887
1989000 0.0176470588
1991500 0.0176470588
1992000 0.0188014101
1994500 0.0188014101
1995000 0.0176470588
1997500 0.0176470588
1998000 0.0176470588
2000500 0.0176470588
2001000 0.0153301887
2003500 0.0153301887
2004000 0.0141676505
2006500 0.0141676505
2007000 0.0176470588
2009500 0.0176470588
2010000 0.0141509434
2012500 0.0141509434
2013000 0.0188014101
2015500 0.0188014101
2016000 0.0164899882
2018500 0.0164899882
2019000 0.016509434
2021500 0.016509434
2022000 0.0153121319
2024500 0.0153121319
2025000 0.0153121319
2027500 0.0153121319
2028000 0.0153121319
2030500 0.0153121319
2031000 0.0141342756
2033500 0.0141342756
2034000 0.0141509434
2036500 0.0141509434
2037000 0.0164512338
2039500 0.0164512338
2040000 0.0164705882
2042500 0.0164705882
2043000 0.01992966
2045500 0.01992966
2046000 0.0176470588
2048500 0.0176470588
2049000 0.0164705882
2051500 0.0164705882
2052000 0.0164705882
2054500 0.0164705882
2055000 0.0164705882
2057500 0.0164705882
2058000 0.0141509434
2060500 0.0141509434
2061000 0.0117924528
2063500 0.0117924528
2064000 0.0129564193
2066500 0.0129564193
2067000 0.0141176471
2069500 0.0141176471
2070000 0.015258216
2072500 0.015258216
2073000 0.0141010576
2075500 0.0141010576
2076000 0.0141010576
2078500 0.0141010576
2079000 0.0141176471
2081500 0.0141176471
2082000 0.0141176471
2084500 0.0141176471
2085000 0.0129716981
2087500 0.0129716981
2088000 0.012987013
2090500 0.012987013
2091000 0.0118063754
2093500 0.0118063754
2094000 0.00829383886
2096500 0.00829383886
2097000 0.00946745562
2099500 0.00946745562
2100000 0.0118623962
2102500 0.0118623962
2103000 0.0118623962
2105500 0.0118623962
2106000 0.0141676505
2108500 0.0141676505
2109000 0.0176470588
2111500 0.0176470588
2112000 0.0176470588
2114500 0.0176470588
2115000 0.0164899882
2117500 0.0164899882
2118000 0.0164705882
2120500 0.0164705882
2121000 0.0106382979
2123500 0.0106382979
2124000 0.0106382979
2126500 0.0106382979
2127000 0.0118063754
2129500 0.0118063754
2130000 0.012987013
2132500 0.012987013
2133000 0.0141676505
2135500 0.0141676505
2136000 0.0153301887
2138500 0.0153301887
2139000 0.0164705882
2141500 0.0164705882
2142000 0.0118063754
2144500 0.0118063754
2145000 0.011820331
2147500 0.011820331
2148000 0.00947867299
2150500 0.00947867299
2151000 0.00947867299
2153500 0.00947867299
2154000 0.0106257379
2156500 0.0106257379
2157000 0.00945626478
2159500 0.00945626478
2160000 0.00828402367
2162500 0.00828402367
2163000 0.0106257379
2165500 0.0106257379
2166000 0.00946745562
2168500 0.00946745562
2169000 0.0118063754
2171500 0.0118063754
2172000 0.0106382979
2174500 0.0106382979
2175000 0.011820331
2177500 0.011820331
2178000 0.0118343195
2180500 0.0118343195
2181000 0.0153121319
2183500 0.0153121319
2184000 0.0164705882
2186500 0.0164705882
2187000 0.0141509434
2189500 0.0141509434
2190000 0.0141342756
2192500 0.0141342756
2193000 0.0141176471
2195500 0.0141176471
2196000 0.0141176471
2198500 0.0141176471
2199000 0.0129564193
2201500 0.0129564193
2202000 0.0129411765
2204500 0.0129411765
2205000 0.0129411765
2207500 0.0129411765
2208000 0.0117924528
2210500 0.0117924528
2211000 0.0106257379
2213500 0.0106257379
2214000 0.0117924528
2216500 0.0117924528
2217000 0.0106257379
2219500 0.0106257379
2220000 0.0117924528
2222500 0.0117924528
2223000 0.0117924528
2225500 0.0117924528
2226000 0.0129564193
2228500 0.0129564193
2229000 0.0106007067
2231500 0.0106007067
2232000 0.00708382527
2234500 0.00708382527
2235000 0.00591016548
2237500 0.00591016548
2238000 0.00709219858
2240500 0.00709219858
2241000 0.0117647059
2243500 0.0117647059
2244000 0.014084507
2246500 0.014084507
2247000 0.0129411765
2249500 0.0129411765
2250000 0.0129411765
2252500 0.0129411765
2253000 0.0129259694
2255500 0.0129259694
2256000 0.0129259694
2258500 0.0129259694
2259000 0.0129107981
2261500 0.0129107981
2262000 0.014084507
2264500 0.014084507
2265000 0.014084507
2267500 0.014084507
2268000 0.014084507
2270500 0.014084507
2271000 0.0117647059
2273500 0.0117647059
2274000 0.011778563
2276500 0.011778563
2277000 0.0129411765
2279500 0.0129411765
2280000 0.011778563
2282500 0.011778563
2283000 0.011778563
2285500 0.011778563
2286000 0.0106132075
2288500 0.0106132075
2289000 0.00944510035
2291500 0.00944510035
2292000 0.0129259694
2294500 0.0129259694
2295000 0.00942285041
2297500 0.00942285041
2298000 0.00944510035
2300500 0.00944510035
2301000 0.00827423168
2303500 0.00827423168
2304000 0.00945626478
2306500 0.00945626478
2307000 0.0106257379
2309500 0.0106257379
2310000 0.0117924528
2312500 0.0117924528
2313000 0.00943396226
2315500 0.00943396226
2316000 0.0106132075
2318500 0.0106132075
2319000 0.00943396226
2321500 0.00943396226
2322000 0.0129259694
2324500 0.0129259694
2325000 0.014084507
2327500 0.014084507
2328000 0.0129259694
2330500 0.0129259694
2331000 0.014084507
2333500 0.014084507
2334000 0.0152403283
2336500 0.0152403283
2337000 0.014084507
2339500 0.014084507
2340000 0.0129107981
2342500 0.0129107981
2343000 0.016374269
2345500 0.016374269
2346000 0.0175233645
2348500 0.0175233645
2349000 0.0175438596
2351500 0.0175438596
2352000 0.0186915888
2354500 0.0186915888
2355000 0.0175644028
2357500 0.0175644028
2358000 0.0198830409
2360500 0.0198830409
2361000 0.0164319249
2363500 0.0164319249
2364000 0.0141176471
2366500 0.0141176471
2367000 0.0152761457
2369500 0.0152761457
2370000 0.0164319249
2372500 0.0164319249
2373000 0.0176056338
2375500 0.0176056338
2376000 0.0175849941
2378500 0.0175849941
2379000 0.0164319249
2381500 0.0164319249
2382000 0.018735363
2384500 0.018735363
2385000 0.0175849941
2387500 0.0175849941
2388000 0.0163934426
2390500 0.0163934426
2391000 0.014084507
2393500 0.014084507
2394000 0.0129411765
2396500 0.0129411765
2397000 0.0152403283
2399500 0.0152403283
2400000 0.0106132075
2402500 0.0106132075
2403000 0.0118063754
2405500 0.0118063754
2406000 0.00947867299
2408500 0.00947867299
2409000 0.0118343195
2411500 0.0118343195
2412000 0.0118623962
2414500 0.0118623962
2415000 0.0118483412
2417500 0.0118483412
2418000 0.0118483412
2420500 0.0118483412
2421000 0.0106635071
2423500 0.0106635071
2424000 0.00950118765
2426500 0.00950118765
2427000 0.00950118765
2429500 0.00950118765
2430000 0.00950118765
2432500 0.00950118765
2433000 0.00830367734
2435500 0.00830367734
2436000 0.00713436385
2438500 0.00713436385
2439000 0.00712589074
2441500 0.00712589074
2442000 0.00830367734
2444500 0.00830367734
2445000 0.00828402367
2447500 0.00828402367
2448000 0.00827423168
2450500 0.00827423168
2451000 0.0106132075
2453500 0.0106132075
2454000 0.0129716981
2456500 0.0129716981
2457000 0.0129716981
2459500 0.0129716981
2460000 0.0106508876
2462500 0.0106508876
2463000 0.012987013
2465500 0.012987013
2466000 0.0106508876
2468500 0.0106508876
2469000 0.0106382979
2471500 0.0106382979
2472000 0.0117924528
2474500 0.0117924528
2475000 0.0117924528
2477500 0.0117924528
2478000 0.0117924528
2480500 0.0117924528
2481000 0.0141342756
2483500 0.0141342756
2484000 0.0106257379
2486500 0.0106257379
2487000 0.0117924528
2489500 0.0117924528
2490000 0.0117924528
2492500 0.0117924528
2493000 0.0106257379
2495500 0.0106257379
2496000 0.00945626478
2498500 0.00945626478
2499000 0.0129716981
2501500 0.0129716981
2502000 0.0129716981
2504500 0.0129716981
2505000 0.0117924528
2507500 0.0117924528
2508000 0.0141342756
2510500 0.0141342756
2511000 0.0129716981
2513500 0.0129716981
2514000 0.0152941176
2516500 0.0152941176
2517000 0.0152761457
2519500 0.0152761457
2520000 0.0141342756
2522500 0.0141342756
2523000 0.00946745562
2525500 0.00946745562
2526000 0.00475624257
2528500 0.00475624257
2529000 0.00830367734
2531500 0.00830367734
2532000 0.00829383886
2534500 0.00829383886
2535000 0.00830367734
2537500 0.00830367734
2538000 0.00830367734
2540500 0.00830367734
2541000 0.00947867299
2543500 0.00947867299
2544000 0.011820331
2546500 0.011820331
2547000 0.011820331
2549500 0.011820331
2550000 0.012987013
2552500 0.012987013
2553000 0.0130023641
2555500 0.0130023641
2556000 0.012987013
2558500 0.012987013
2559000 0.0106382979
2561500 0.0106382979
2562000 0.00947867299
2564500 0.00947867299
2565000 0.00947867299
2567500 0.00947867299
2568000 0.0164899882
2570500 0.0164899882
2571000 0.0164899882
2573500 0.0164899882
2574000 0.0164705882
2576500 0.0164705882
2577000 0.0141509434
2579500 0.0141509434
2580000 0.0164512338
2582500 0.0164512338
2583000 0.0152941176
2585500 0.0152941176
2586000 0.0152941176
2588500 0.0152941176
2589000 0.0153121319
2591500 0.0153121319
2592000 0.0118063754
2594500 0.0118063754
2595000 0.0118063754
2597500 0.0118063754
2598000 0.0117924528
2600500 0.0117924528
2601000 0.0129716981
2603500 0.0129716981
2604000 0.018735363
2606500 0.018735363
2607000 0.0198598131
2609500 0.0198598131
2610000 0.0164126612
2612500 0.0164126612
2613000 0.015258216
2615500 0.015258216
2616000 0.0164512338
2618500 0.0164512338
2619000 0.0141342756
2621500 0.0141342756
2622000 0.0152941176
2624500 0.0152941176
2625000 0.0129716981
2627500 0.0129716981
2628000 0.0106382979
2630500 0.0106382979
2631000 0.0129716981
2633500 0.0129716981
2634000 0.0141010576
2636500 0.0141010576
2637000 0.0152403283
2639500 0.0152403283
2640000 0.0152403283
2642500 0.0152403283
2643000 0.0129107981
2645500 0.0129107981
2646000 0.0140679953
2648500 0.0140679953
2649000 0.0140515222
2651500 0.0140515222
2652000 0.0186697783
2654500 0.0186697783
2655000 0.016374269
2657500 0.016374269
2658000 0.0152224824
2660500 0.0152224824
2661000 0.0129107981
2663500 0.0129107981
2664000 0.0117508813
2666500 0.0117508813
2667000 0.0106007067
2669500 0.0106007067
2670000 0.0129107981
2672500 0.0129107981
2673000 0.0129259694
2675500 0.0129259694
2676000 0.0129107981
2678500 0.0129107981
2679000 0.00943396226
2681500 0.00943396226
2682000 0.0117647059
2684500 0.0117647059
2685000 0.00826446281
2687500 0.00826446281
2688000 0.00943396226
2690500 0.00943396226
2691000 0.0129411765
2693500 0.0129411765
2694000 0.0141010576
2696500 0.0141010576
2697000 0.0129259694
2699500 0.0129259694
2700000 0.0117647059
2702500 0.0117647059
2703000 0.0129259694
2705500 0.0129259694
2706000 0.0129259694
2708500 0.0129259694
2709000 0.0129259694
2711500 0.0129259694
2712000 0.014084507
2714500 0.014084507
2715000 0.0129259694
2717500 0.0129259694
2718000 0.014084507
2720500 0.014084507
2721000 0.0117647059
2723500 0.0117647059
2724000 0.0117647059
2726500 0.0117647059
2727000 0.00825471698
2729500 0.00825471698
2730000 0.0129107981
2732500 0.0129107981
2733000 0.0152224824
2735500 0.0152224824
2736000 0.0140679953
2738500 0.0140679953
2739000 0.0105757932
2741500 0.0105757932
2742000 0.0129107981
2744500 0.0129107981
2745000 0.00942285041
2747500 0.00942285041
2748000 0.0105882353
2750500 0.0105882353
2751000 0.0117508813
2753500 0.0117508813
2754000 0.0105757932
2756500 0.0105757932
2757000 0.00941176471
2759500 0.00941176471
2760000 0.00824499411
2762500 0.00824499411
2763000 0.00942285041
2765500 0.00942285041
2766000 0.00942285041
2768500 0.00942285041
2769000 0.0117508813
2771500 0.0117508813
2772000 0.0163551402
2774500 0.0163551402
2775000 0.0186263097
2777500 0.0186263097
2778000 0.0163551402
2780500 0.0163551402
2781000 0.0140515222
2783500 0.0140515222
2784000 0.016336056
2786500 0.016336056
2787000 0.0152046784
2789500 0.0152046784
2790000 0.0152224824
2792500 0.0152224824
2793000 0.0163934426
2795500 0.0163934426
2796000 0.016374269
2798500 0.016374269
2799000 0.015258216
2801500 0.015258216
2802000 0.0129411765
2804500 0.0129411765
2805000 0.0164319249
2807500 0.0164319249
2808000 0.0164319249
2810500 0.0164319249
2811000 0.0152941176
2813500 0.0152941176
2814000 0.0129716981
2816500 0.0129716981
2817000 0.0106382979
2819500 0.0106382979
2820000 0.0118063754
2822500 0.0118063754
2823000 0.0129716981
2825500 0.0129716981
2826000 0.0141342756
2828500 0.0141342756
2829000 0.0106382979
2831500 0.0106382979
2832000 0.0141342756
2834500 0.0141342756
2835000 0.0141010576
2837500 0.0141010576
2838000 0.0129411765
2840500 0.0129411765
2841000 0.0141010576
2843500 0.0141010576
2844000 0.0129564193
2846500 0.0129564193
2847000 0.0129411765
2849500 0.0129411765
2850000 0.014084507
2852500 0.014084507
2853000 0.0129107981
2855500 0.0129107981
2856000 0.0129411765
2858500 0.0129411765
2859000 0.0129411765
2861500 0.0129411765
2862000 0.0129564193
2864500 0.0129564193
2865000 0.0117924528
2867500 0.0117924528
2868000 0.0129564193
2870500 0.0129564193
2871000 0.0141176471
2873500 0.0141176471
2874000 0.0176056338
2876500 0.0176056338
2877000 0.0176056338
2879500 0.0176056338
2880000 0.0176056338
2882500 0.0176056338
2883000 0.0152941176
2885500 0.0152941176
2886000 0.0152941176
2888500 0.0152941176
2889000 0.0164705882
2891500 0.0164705882
2892000 0.0141509434
2894500 0.0141509434
2895000 0.0141509434
2897500 0.0141509434
2898000 0.0164705882
2900500 0.0164705882
2901000 0.0164705882
2903500 0.0164705882
2904000 0.012987013
2906500 0.012987013
2907000 0.011820331
2909500 0.011820331
2910000 0.012987013
2912500 0.012987013
2913000 0.0129716981
2915500 0.0129716981
2916000 0.0141010576
2918500 0.0141010576
2919000 0.0152403283
2921500 0.0152403283
2922000 0.0117647059
2924500 0.0117647059
2925000 0.0141010576
2927500 0.0141010576
2928000 0.0129107981
2930500 0.0129107981
2931000 0.0105882353
2933500 0.0105882353
2934000 0.0105757932
2936500 0.0105757932
2937000 0.0105757932
2939500 0.0105757932
2940000 0.0105882353
2942500 0.0105882353
2943000 0.0106007067
2945500 0.0106007067
2946000 0.0129259694
2948500 0.0129259694
2949000 0.0140679953
2951500 0.0140679953
2952000 0.0105882353
2954500 0.0105882353
2955000 0.0117647059
2957500 0.0117647059
2958000 0.0117508813
2960500 0.0117508813
2961000 0.0105882353
2963500 0.0105882353
2964000 0.00942285041
2966500 0.00942285041
2967000 0.0105882353
2969500 0.0105882353
2970000 0.0129259694
2972500 0.0129259694
2973000 0.00943396226
2975500 0.00943396226
2976000 0.00943396226
2978500 0.00943396226
2979000 0.00944510035
2981500 0.00944510035
2982000 0.00945626478
2984500 0.00945626478
2985000 0.00828402367
2987500 0.00828402367
2988000 0.0106257379
2990500 0.0106257379
2991000 0.0117924528
2993500 0.0117924528
2994000 0.0152761457
2996500 0.0152761457
2997000 0.015258216
2999500 0.015258216
3000000 0.0141010576
3002500 0.0141010576
3003000 0.015258216
3005500 0.015258216
3006000 0.0164319249
3008500 0.0164319249
3009000 0.0129716981
3011500 0.0129716981
3012000 0.012987013
3014500 0.012987013
3015000 0.0141509434
3017500 0.0141509434
3018000 0.0141509434
3020500 0.0141509434
3021000 0.012987013
3023500 0.012987013
3024000 0.0106635071
3026500 0.0106635071
3027000 0.0106635071
3029500 0.0106635071
3030000 0.00830367734
3032500 0.00830367734
3033000 0.00948991696
3035500 0.00948991696
3036000 0.0106635071
3038500 0.0106635071
3039000 0.00948991696
3041500 0.00948991696
3042000 0.0118483412
3044500 0.0118483412
3045000 0.0118623962
3047500 0.0118623962
3048000 0.0118623962
3050500 0.0118623962
3051000 0.0118343195
3053500 0.0118343195
3054000 0.0130023641
3056500 0.0130023641
3057000 0.0118343195
3059500 0.0118343195
3060000 0.0106508876
3062500 0.0106508876
3063000 0.00714285714
3065500 0.00714285714
3066000 0.00831353919
3068500 0.00831353919
3069000 0.00947867299
3071500 0.00947867299
3072000 0.0106382979
3074500 0.0106382979
3075000 0.0118063754
3077500 0.0118063754
3078000 0.0141342756
3080500 0.0141342756
3081000 0.0129716981
3083500 0.0129716981
3084000 0.0152941176
3086500 0.0152941176
3087000 0.0164705882
3089500 0.0164705882
3090000 0.011820331
3092500 0.011820331
3093000 0.0164512338
3095500 0.0164512338
3096000 0.0164705882
3098500 0.0164705882
3099000 0.0153121319
3101500 0.0153121319
3102000 0.0152761457
3104500 0.0152761457
3105000 0.0152761457
3107500 0.0152761457
3108000 0.0129411765
3110500 0.0129411765
3111000 0.0129411765
3113500 0.0129411765
3114000 0.0129564193
3116500 0.0129564193
3117000 0.0175849941
3119500 0.0175849941
3120000 0.0152761457
3122500 0.0152761457
3123000 0.0152941176
3125500 0.0152941176
3126000 0.0141342756
3128500 0.0141342756
3129000 0.0106382979
3131500 0.0106382979
3132000 0.0129716981
3134500 0.0129716981
3135000 0.0164512338
3137500 0.0164512338
3138000 0.0153121319
3140500 0.0153121319
3141000 0.0164899882
3143500 0.0164899882
3144000 0.0176056338
3146500 0.0176056338
3147000 0.0176056338
3149500 0.0176056338
3150000 0.0164512338
3152500 0.0164512338
3153000 0.0164319249
3155500 0.0164319249
3156000 0.0176056338
3158500 0.0176056338
3159000 0.0129716981
3161500 0.0129716981
3162000 0.0141342756
3164500 0.0141342756
3165000 0.0141342756
3167500 0.0141342756
3168000 0.0129716981
3170500 0.0129716981
3171000 0.012987013
3173500 0.012987013
3174000 0.00946745562
3176500 0.00946745562
3177000 0.0141342756
3179500 0.0141342756
3180000 0.0129716981
3182500 0.0129716981
3183000 0.011820331
3185500 0.011820331
3186000 0.0164705882
3188500 0.0164705882
3189000 0.017626322
3191500 0.017626322
3192000 0.0187793427
3194500 0.0187793427
3195000 0.01992966
3197500 0.01992966
3198000 0.01992966
3200500 0.01992966
3201000 0.0233372229
3203500 0.0233372229
3204000 0.0244755245
3206500 0.0244755245
3207000 0.0245327103
3209500 0.0245327103
3210000 0.0199530516
3212500 0.0199530516
3213000 0.0199764982
3215500 0.0199764982
3216000 0.021101993
3218500 0.021101993
3219000 0.0199764982
3221500 0.0199764982
3222000 0.0234192037
3224500 0.0234192037
3225000 0.0211267606
3227500 0.0211267606
3228000 0.0199764982
3230500 0.0199764982
3231000 0.0199764982
3233500 0.0199764982
3234000 0.0176886792
3236500 0.0176886792
3237000 0.0118623962
3239500 0.0118623962
3240000 0.0130331754
3242500 0.0130331754
3243000 0.0130331754
3245500 0.0130331754
3246000 0.0118623962
3248500 0.0118623962
3249000 0.0118483412
3251500 0.0118483412
3252000 0.0106761566
3254500 0.0106761566
3255000 0.00832342449
3257500 0.00832342449
3258000 0.00950118765
3260500 0.00950118765
3261000 0.00951248514
3263500 0.00951248514
3264000 0.0106761566
3266500 0.0106761566
3267000 0.0106761566
3269500 0.0106761566
3270000 0.0106761566
3272500 0.0106761566
3273000 0.0141676505
3275500 0.0141676505
3276000 0.0141509434
3278500 0.0141509434
3279000 0.0152941176
3281500 0.0152941176
3282000 0.0141342756
3284500 0.0141342756
3285000 0.0129716981
3287500 0.0129716981
3288000 0.0153121319
3290500 0.0153121319
3291000 0.012987013
3293500 0.012987013
3294000 0.0106257379
3296500 0.0106257379
3297000 0.00830367734
3299500 0.00830367734
3300000 0.011820331
3302500 0.011820331
3303000 0.0106382979
3305500 0.0106382979
3306000 0.0118063754
3308500 0.0118063754
3309000 0.0117924528
3311500 0.0117924528
3312000 0.00945626478
3314500 0.00945626478
3315000 0.0129716981
3317500 0.0129716981
3318000 0.0152941176
3320500 0.0152941176
3321000 0.0164512338
3323500 0.0164512338
3324000 0.0187573271
3326500 0.0187573271
3327000 0.0187573271
3329500 0.0187573271
3330000 0.0176056338
3332500 0.0176056338
3333000 0.0210526316
3335500 0.0210526316
3336000 0.017626322
3338500 0.017626322
3339000 0.0164705882
3341500 0.0164705882
3342000 0.0130023641
3344500 0.0130023641
3345000 0.0130023641
3347500 0.0130023641
3348000 0.0153664303
3350500 0.0153664303
3351000 0.0153664303
3353500 0.0153664303
3354000 0.0153664303
3356500 0.0153664303
3357000 0.0130331754
3359500 0.0130331754
3360000 0.0165289256
3362500 0.0165289256
3363000 0.0130331754
3365500 0.0130331754
3366000 0.0130331754
3368500 0.0130331754
3369000 0.0130177515
3371500 0.0130177515
3372000 0.0130177515
3374500 0.0130177515
3375000 0.0141843972
3377500 0.0141843972
3378000 0.0130177515
3380500 0.0130177515
3381000 0.0130177515
3383500 0.0130177515
3384000 0.0153482881
3386500 0.0153482881
3387000 0.016509434
3389500 0.016509434
3390000 0.0153482881
3392500 0.0153482881
3393000 0.0153301887
3395500 0.0153301887
3396000 0.0176470588
3398500 0.0176470588
3399000 0.0176470588
3401500 0.0176470588
3402000 0.0188014101
3404500 0.0188014101
3405000 0.0153482881
3407500 0.0153482881
3408000 0.0165289256
3410500 0.0165289256
3411000 0.02
3413500 0.02
3414000 0.0188457008
3416500 0.0188457008
3417000 0.02
3419500 0.02
3420000 0.0211515864
3422500 0.0211515864
3423000 0.0211515864
3425500 0.0211515864
3426000 0.0223004695
3428500 0.0223004695
3429000 0.0211515864
3431500 0.0211515864
3432000 0.0176886792
3434500 0.0176886792
3435000 0.0165289256
3437500 0.0165289256
3438000 0.0165289256
3440500 0.0165289256
3441000 0.0177095632
3443500 0.0177095632
3444000 0.0165680473
3446500 0.0165680473
3447000 0.0130486358
3449500 0.0130486358
3450000 0.0153664303
3452500 0.0153664303
3453000 0.0188457008
3455500 0.0188457008
3456000 0.0177095632
3458500 0.0177095632
3459000 0.0154028436
3461500 0.0154028436
3462000 0.0142348754
3464500 0.0142348754
3465000 0.0130796671
3467500 0.0130796671
3468000 0.00954653938
3470500 0.00954653938
3471000 0.00837320574
3473500 0.00837320574
3474000 0.00955794504
3476500 0.00955794504
3477000 0.0119047619
3479500 0.0119047619
3480000 0.00953516091
3482500 0.00953516091
3483000 0.0130486358
3485500 0.0130486358
3486000 0.0153846154
3488500 0.0153846154
3489000 0.0153664303
3491500 0.0153664303
3492000 0.0142180095
3494500 0.0142180095
3495000 0.0165484634
3497500 0.0165484634
3498000 0.0153846154
3500500 0.0153846154
3501000 0.0142180095
3503500 0.0142180095
3504000 0.0165289256
3506500 0.0165289256
3507000 0.0142011834
3509500 0.0142011834
3510000 0.0130331754
3512500 0.0130331754
3513000 0.0153664303
3515500 0.0153664303
3516000 0.0153846154
3518500 0.0153846154
3519000 0.0177095632
3521500 0.0177095632
3522000 0.0177095632
3524500 0.0177095632
3525000 0.0188902007
3527500 0.0188902007
3528000 0.0212014134
3530500 0.0212014134
3531000 0.0177304965
3533500 0.0177304965
3534000 0.0177514793
3536500 0.0177514793
3537000 0.0177514793
3539500 0.0177514793
3540000 0.0130796671
3542500 0.0130796671
3543000 0.0119047619
3545500 0.0119047619
3546000 0.0165484634
3548500 0.0165484634
3549000 0.0188902007
3551500 0.0188902007
3552000 0.0200471698
3554500 0.0200471698
3555000 0.0165876777
3557500 0.0165876777
3558000 0.0189349112
3560500 0.0189349112
3561000 0.0165876777
3563500 0.0165876777
3564000 0.0165876777
3566500 0.0165876777
3567000 0.0154394299
3569500 0.0154394299
3570000 0.0154577883
3572500 0.0154577883
3573000 0.016646849
3575500 0.016646849
3576000 0.0154577883
3578500 0.0154577883
3579000 0.0154577883
3581500 0.0154577883
3582000 0.0201421801
3584500 0.0201421801
3585000 0.0235849057
3587500 0.0235849057
3588000 0.0235294118
3590500 0.0235294118
3591000 0.0258215962
3593500 0.0258215962
3594000 0.0258215962
3596500 0.0258215962
3597000 0.0223792697
3599500 0.0223792697
3600000 0.0177304965
3602500 0.0177304965
3603000 0.0165876777
3605500 0.0165876777
3606000 0.0165680473
3608500 0.0165680473
3609000 0.0165876777
3611500 0.0165876777
3612000 0.0165876777
3614500 0.0165876777
3615000 0.0165680473
3617500 0.0165680473
3618000 0.0130486358
3620500 0.0130486358
3621000 0.0154028436
3623500 0.0154028436
3624000 0.0165484634
3626500 0.0165484634
3627000 0.0165484634
3629500 0.0165484634
3630000 0.0141843972
3632500 0.0141843972
3633000 0.016509434
3635500 0.016509434
3636000 0.0153482881
3638500 0.0153482881
3639000 0.0153482881
3641500 0.0153482881
3642000 0.0153482881
3644500 0.0153482881
3645000 0.0176678445
3647500 0.0176678445
3648000 0.0165484634
3650500 0.0165484634
3651000 0.0142180095
3653500 0.0142180095
3654000 0.0130177515
3656500 0.0130177515
3657000 0.0141843972
3659500 0.0141843972
3660000 0.0153482881
3662500 0.0153482881
3663000 0.0153301887
3665500 0.0153301887
3666000 0.0164705882
3668500 0.0164705882
3669000 0.0153301887
3671500 0.0153301887
3672000 0.0153301887
3674500 0.0153301887
3675000 0.0130023641
3677500 0.0130023641
3678000 0.0130023641
3680500 0.0130023641
3681000 0.0118343195
3683500 0.0118343195
3684000 0.0118483412
3686500 0.0118483412
3687000 0.0118623962
3689500 0.0118623962
3690000 0.0142011834
3692500 0.0142011834
3693000 0.0130331754
3695500 0.0130331754
3696000 0.0130331754
3698500 0.0130331754
3699000 0.0141843972
3701500 0.0141843972
3702000 0.0141843972
3704500 0.0141843972
3705000 0.0176886792
3707500 0.0176886792
3708000 0.0188679245
3710500 0.0188679245
3711000 0.0153846154
3713500 0.0153846154
3714000 0.0154028436
3716500 0.0154028436
3717000 0.013064133
3719500 0.013064133
3720000 0.0118906064
3722500 0.0118906064
3723000 0.0154028436
3725500 0.0154028436
3726000 0.0165680473
3728500 0.0165680473
3729000 0.0200471698
3731500 0.0200471698
3732000 0.0200471698
3734500 0.0200471698
3735000 0.0212264151
3737500 0.0212264151
3738000 0.0223792697
3740500 0.0223792697
3741000 0.0189125296
3743500 0.0189125296
3744000 0.0154028436
3746500 0.0154028436
3747000 0.0153846154
3749500 0.0153846154
3750000 0.0153664303
3752500 0.0153664303
3753000 0.0153482881
3755500 0.0153482881
3756000 0.0153482881
3758500 0.0153482881
3759000 0.0141676505
3761500 0.0141676505
3762000 0.00946745562
3764500 0.00946745562
3765000 0.011820331
3767500 0.011820331
3768000 0.0106508876
3770500 0.0106508876
3771000 0.00830367734
3773500 0.00830367734
3774000 0.00594530321
3776500 0.00594530321
3777000 0.00830367734
3779500 0.00830367734
3780000 0.0106382979
3782500 0.0106382979
3783000 0.0118063754
3785500 0.0118063754
3786000 0.0118063754
3788500 0.0118063754
3789000 0.0118063754
3791500 0.0118063754
3792000 0.011820331
3794500 0.011820331
3795000 0.0152941176
3797500 0.0152941176
3798000 0.0164512338
3800500 0.0164512338
3801000 0.0164512338
3803500 0.0164512338
3804000 0.0164512338
3806500 0.0164512338
3807000 0.0176056338
3809500 0.0176056338
3810000 0.0176056338
3812500 0.0176056338
3813000 0.0152941176
3815500 0.0152941176
3816000 0.0164899882
3818500 0.0164899882
3819000 0.0176470588
3821500 0.0176470588
3822000 0.0176470588
3824500 0.0176470588
3825000 0.0176470588
3827500 0.0176470588
3828000 0.0153482881
3830500 0.0153482881
3831000 0.0153482881
3833500 0.0153482881
3834000 0.0188235294
3836500 0.0188235294
3837000 0.0188014101
3839500 0.0188014101
3840000 0.0153664303
3842500 0.0153664303
3843000 0.0153482881
3845500 0.0153482881
3846000 0.0164899882
3848500 0.0164899882
3849000 0.0176470588
3851500 0.0176470588
3852000 0.0199530516
3854500 0.0199530516
3855000 0.021101993
3857500 0.021101993
3858000 0.0187793427
3860500 0.0187793427
3861000 0.0211267606
3863500 0.0211267606
3864000 0.0188235294
3866500 0.0188235294
3867000 0.0153301887
3869500 0.0153301887
3870000 0.0164899882
3872500 0.0164899882
3873000 0.0153301887
3875500 0.0153301887
3876000 0.0141676505
3878500 0.0141676505
3879000 0.0141676505
3881500 0.0141676505
3882000 0.0141509434
3884500 0.0141509434
3885000 0.0153121319
3887500 0.0153121319
3888000 0.0164705882
3890500 0.0164705882
3891000 0.0164899882
3893500 0.0164899882
3894000 0.0176470588
3896500 0.0176470588
3897000 0.0153301887
3899500 0.0153301887
3900000 0.0141676505
3902500 0.0141676505
3903000 0.0141509434
3905500 0.0141509434
3906000 0.0164705882
3908500 0.0164705882
3909000 0.0164899882
3911500 0.0164899882
3912000 0.0176470588
3914500 0.0176470588
3915000 0.0153301887
3917500 0.0153301887
3918000 0.012987013
3920500 0.012987013
3921000 0.0141676505
3923500 0.0141676505
3924000 0.011820331
3926500 0.011820331
3927000 0.0106508876
3929500 0.0106508876
3930000 0.00946745562
3932500 0.00946745562
3933000 0.0141342756
3935500 0.0141342756
3936000 0.0164705882
3938500 0.0164705882
3939000 0.0164705882
3941500 0.0164705882
3942000 0.0164899882
3944500 0.0164899882
3945000 0.0176470588
3947500 0.0176470588
3948000 0.0199530516
3950500 0.0199530516
3951000 0.02
3953500 0.02
3954000 0.0188457008
3956500 0.0188457008
3957000 0.0200471698
3959500 0.0200471698
3960000 0.0188902007
3962500 0.0188902007
3963000 0.0212264151
3965500 0.0212264151
3966000 0.0177514793
3968500 0.0177514793
3969000 0.0177514793
3971500 0.0177514793
3972000 0.0177514793
3974500 0.0177514793
3975000 0.0154211151
3977500 0.0154211151
3978000 0.0189125296
3980500 0.0189125296
3981000 0.0177514793
3983500 0.0177514793
3984000 0.0177725118
3986500 0.0177725118
3987000 0.0166270784
3989500 0.0166270784
3990000 0.0165876777
3992500 0.0165876777
3993000 0.0142348754
3995500 0.0142348754
3996000 0.0154211151
3998500 0.0154211151
3999000 0.0142517815
4001500 0.0142517815
4002000 0.0154394299
4004500 0.0154394299
4005000 0.0176886792
4007500 0.0176886792
4008000 0.0165484634
4010500 0.0165484634
4011000 0.0142011834
4013500 0.0142011834
4014000 0.0142180095
4016500 0.0142180095
4017000 0.0153846154
4019500 0.0153846154
4020000 0.0153664303
4022500 0.0153664303
4023000 0.013064133
4025500 0.013064133
4026000 0.013064133
4028500 0.013064133
4029000 0.0118906064
4031500 0.0118906064
4032000 0.0142348754
4034500 0.0142348754
4035000 0.0154028436
4037500 0.0154028436
4038000 0.0118906064
4040500 0.0118906064
4041000 0.0118906064
4043500 0.0118906064
4044000 0.0154028436
4046500 0.0154028436
4047000 0.0142348754
4049500 0.0142348754
4050000 0.0119047619
4052500 0.0119047619
4053000 0.0142517815
4055500 0.0142517815
4056000 0.0142348754
4058500 0.0142348754
4059000 0.013064133
4061500 0.013064133
4062000 0.0130796671
4064500 0.0130796671
4065000 0.0142517815
4067500 0.0142517815
4068000 0.0153846154
4070500 0.0153846154
4071000 0.0165289256
4073500 0.0165289256
4074000 0.0188457008
4076500 0.0188457008
4077000 0.0188679245
4079500 0.0188679245
4080000 0.0188457008
4082500 0.0188457008
4083000 0.0153664303
4085500 0.0153664303
4086000 0.0130331754
4088500 0.0130331754
4089000 0.0106888361
4091500 0.0106888361
4092000 0.0118483412
4094500 0.0118483412
4095000 0.0107015458
4097500 0.0107015458
4098000 0.0107015458
4100500 0.0107015458
4101000 0.0119047619
4103500 0.0119047619
4104000 0.0154211151
4106500 0.0154211151
4107000 0.0154028436
4109500 0.0154028436
4110000 0.0177304965
4112500 0.0177304965
4113000 0.0188902007
4115500 0.0188902007
4116000 0.0188902007
4118500 0.0188902007
4119000 0.0177514793
4121500 0.0177514793
4122000 0.0130486358
4124500 0.0130486358
4125000 0.0130486358
4127500 0.0130486358
4128000 0.013064133
4130500 0.013064133
4131000 0.0165680473
4133500 0.0165680473
4134000 0.0142517815
4136500 0.0142517815
4137000 0.0119047619
4139500 0.0119047619
4140000 0.0142517815
4142500 0.0142517815
4143000 0.0119047619
4145500 0.0119047619
4146000 0.0118906064
4148500 0.0118906064
4149000 0.0107142857
4151500 0.0107142857
4152000 0.0118906064
4154500 0.0118906064
4155000 0.013064133
4157500 0.013064133
4158000 0.0177514793
4160500 0.0177514793
4161000 0.0177725118
4163500 0.0177725118
4164000 0.0177725118
4166500 0.0177725118
4167000 0.0166073547
4169500 0.0166073547
4170000 0.0130952381
4172500 0.0130952381
4173000 0.0130952381
4175500 0.0130952381
4176000 0.0119189511
4178500 0.0119189511
4179000 0.00836320191
4181500 0.00836320191
4182000 0.00835322196
4184500 0.00835322196
4185000 0.00834326579
4187500 0.00834326579
4188000 0.0106888361
4190500 0.0106888361
4191000 0.0118623962
4193500 0.0118623962
4194000 0.0118623962
4196500 0.0118623962
4197000 0.0142011834
4199500 0.0142011834
4200000 0.0130331754
4202500 0.0130331754
4203000 0.0165289256
4205500 0.0165289256
4206000 0.0153664303
4208500 0.0153664303
4209000 0.0165289256
4211500 0.0165289256
4212000 0.0142180095
4214500 0.0142180095
4215000 0.0130486358
4217500 0.0130486358
4218000 0.0118483412
4220500 0.0118483412
4221000 0.0106761566
4223500 0.0106761566
4224000 0.0130331754
4226500 0.0130331754
4227000 0.0153664303
4229500 0.0153664303
4230000 0.0118343195
4232500 0.0118343195
4233000 0.012987013
4235500 0.012987013
4236000 0.012987013
4238500 0.012987013
4239000 0.0129564193
4241500 0.0129564193
4242000 0.0129716981
4244500 0.0129716981
4245000 0.0141509434
4247500 0.0141509434
4248000 0.0141509434
4250500 0.0141509434
4251000 0.0130023641
4253500 0.0130023641
4254000 0.0130023641
4256500 0.0130023641
4257000 0.0130023641
4259500 0.0130023641
4260000 0.0153664303
4262500 0.0153664303
4263000 0.0118623962
4265500 0.0118623962
4266000 0.0118764846
4268500 0.0118764846
4269000 0.0142348754
4271500 0.0142348754
4272000 0.013064133
4274500 0.013064133
4275000 0.0153664303
4277500 0.0153664303
4278000 0.0142011834
4280500 0.0142011834
4281000 0.0165289256
4283500 0.0165289256
4284000 0.0165484634
4286500 0.0165484634
4287000 0.0188679245
4289500 0.0188679245
4290000 0.0177095632
4292500 0.0177095632
4293000 0.0153846154
4295500 0.0153846154
4296000 0.0153482881
4298500 0.0153482881
4299000 0.0153301887
4301500 0.0153301887
4302000 0.0153121319
4304500 0.0153121319
4305000 0.012987013
4307500 0.012987013
4308000 0.0164899882
4310500 0.0164899882
4311000 0.0141676505
4313500 0.0141676505
4314000 0.0153482881
4316500 0.0153482881
4317000 0.0188014101
4319500 0.0188014101
4320000 0.0176678445
4322500 0.0176678445
4323000 0.0176678445
4325500 0.0176678445
4326000 0.0176678445
4328500 0.0176678445
4329000 0.0165289256
4331500 0.0165289256
4332000 0.0165289256
4334500 0.0165289256
4335000 0.0142011834
4337500 0.0142011834
4338000 0.0176886792
4340500 0.0176886792
4341000 0.0165289256
4343500 0.0165289256
4344000 0.016509434
4346500 0.016509434
4347000 0.016509434
4349500 0.016509434
4350000 0.0153482881
4352500 0.0153482881
4353000 0.0176678445
4355500 0.0176678445
4356000 0.0188457008
4358500 0.0188457008
4359000 0.0188457008
4361500 0.0188457008
4362000 0.0211515864
4364500 0.0211515864
4365000 0.016509434
4367500 0.016509434
4368000 0.0165484634
4370500 0.0165484634
4371000 0.0176886792
4373500 0.0176886792
4374000 0.02
4376500 0.02
4377000 0.0176886792
4379500 0.0176886792
4380000 0.0165680473
4382500 0.0165680473
4383000 0.0165876777
4385500 0.0165876777
4386000 0.0165876777
4388500 0.0165876777
4389000 0.0200708383
4391500 0.0200708383
4392000 0.0200708383
4394500 0.0200708383
4395000 0.0188902007
4397500 0.0188902007
4398000 0.0200708383
4400500 0.0200708383
4401000 0.0189125296
4403500 0.0189125296
4404000 0.0165876777
4406500 0.0165876777
4407000 0.0177304965
4409500 0.0177304965
4410000 0.0177514793
4412500 0.0177514793
4413000 0.0177304965
4415500 0.0177304965
4416000 0.0165484634
4418500 0.0165484634
4419000 0.0107142857
4421500 0.0107142857
4422000 0.0107142857
4424500 0.0107142857
4425000 0.0118906064
4427500 0.0118906064
4428000 0.0142011834
4430500 0.0142011834
4431000 0.0153664303
4433500 0.0153664303
4434000 0.0165289256
4436500 0.0165289256
4437000 0.0153664303
4439500 0.0153664303
4440000 0.0130331754
4442500 0.0130331754
4443000 0.0130331754
4445500 0.0130331754
4446000 0.0130177515
4448500 0.0130177515
4449000 0.0141843972
4451500 0.0141843972
4452000 0.0153664303
4454500 0.0153664303
4455000 0.0177304965
4457500 0.0177304965
4458000 0.0177095632
4460500 0.0177095632
4461000 0.0165484634
4463500 0.0165484634
4464000 0.0153664303
4466500 0.0153664303
4467000 0.0141843972
4469500 0.0141843972
4470000 0.0130486358
4472500 0.0130486358
4473000 0.0142348754
4475500 0.0142348754
4476000 0.0153664303
4478500 0.0153664303
4479000 0.0165289256
4481500 0.0165289256
4482000 0.0176886792
4484500 0.0176886792
4485000 0.0165484634
4487500 0.0165484634
4488000 0.0200235571
4490500 0.0200235571
4491000 0.0200471698
4493500 0.0200471698
4494000 0.0188902007
4496500 0.0188902007
4497000 0.0165680473
4499500 0.0165680473
4500000 0.0154211151
4502500 0.0154211151
4503000 0.0153846154
4505500 0.0153846154
4506000 0.0165484634
4508500 0.0165484634
4509000 0.0130486358
4511500 0.0130486358
4512000 0.0130486358
4514500 0.0130486358
4515000 0.0153846154
4517500 0.0153846154
4518000 0.0153846154
4520500 0.0153846154
4521000 0.0153846154
4523500 0.0153846154
4524000 0.0165484634
4526500 0.0165484634
4527000 0.0223004695
4529500 0.0223004695
4530000 0.0176678445
4532500 0.0176678445
4533000 0.0176470588
4535500 0.0176470588
4536000 0.0187793427
4538500 0.0187793427
4539000 0.0188014101
4541500 0.0188014101
4542000 0.02
4544500 0.02
4545000 0.0211515864
4547500 0.0211515864
4548000 0.0211267606
4550500 0.0211267606
4551000 0.0176678445
4553500 0.0176678445
4554000 0.0199764982
4556500 0.0199764982
4557000 0.0176678445
4559500 0.0176678445
4560000 0.0165484634
4562500 0.0165484634
4563000 0.0142180095
4565500 0.0142180095
4566000 0.0165680473
4568500 0.0165680473
4569000 0.0177304965
4571500 0.0177304965
4572000 0.0177304965
4574500 0.0177304965
4575000 0.0177304965
4577500 0.0177304965
4578000 0.0165680473
4580500 0.0165680473
4581000 0.013064133
4583500 0.013064133
4584000 0.0130486358
4586500 0.0130486358
4587000 0.0118764846
4589500 0.0118764846
4590000 0.0130486358
4592500 0.0130486358
4593000 0.0142180095
4595500 0.0142180095
4596000 0.0130331754
4598500 0.0130331754
4599000 0.0142011834
4601500 0.0142011834
4602000 0.0130331754
4604500 0.0130331754
4605000 0.0165876777
4607500 0.0165876777
4608000 0.0142687277
4610500 0.0142687277
4611000 0.0154394299
4613500 0.0154394299
4614000 0.018957346
4616500 0.018957346
4617000 0.018957346
4619500 0.018957346
4620000 0.0142687277
4622500 0.0142687277
4623000 0.0142687277
4625500 0.0142687277
4626000 0.0154394299
4628500 0.0154394299
4629000 0.016646849
4631500 0.016646849
4632000 0.016646849
4634500 0.016646849
4635000 0.0178147268
4637500 0.0178147268
4638000 0.0154761905
4640500 0.0154761905
4641000 0.016646849
4643500 0.016646849
4644000 0.0178147268
4646500 0.0178147268
4647000 0.0131421744
4649500 0.0131421744
4650000 0.0143027414
4652500 0.0143027414
4653000 0.0131421744
4655500 0.0131421744
4656000 0.0119617225
4658500 0.0119617225
4659000 0.0131736527
4661500 0.0131736527
4662000 0.0131736527
4664500 0.0131736527
4665000 0.014354067
4667500 0.014354067
4668000 0.0131421744
4670500 0.0131421744
4671000 0.0143198091
4673500 0.0143198091
4674000 0.0154946365
4676500 0.0154946365
4677000 0.0166270784
4679500 0.0166270784
4680000 0.0177935943
4682500 0.0177935943
4683000 0.0189349112
4685500 0.0189349112
4686000 0.0177725118
4688500 0.0177725118
4689000 0.0166073547
4691500 0.0166073547
4692000 0.0166073547
4694500 0.0166073547
4695000 0.0166073547
4697500 0.0166073547
4698000 0.0131108462
4700500 0.0131108462
4701000 0.0107526882
4703500 0.0107526882
4704000 0.0119474313
4706500 0.0119474313
4707000 0.0131264916
4709500 0.0131264916
4710000 0.0143198091
4712500 0.0143198091
4713000 0.0178359096
4715500 0.0178359096
4716000 0.016646849
4718500 0.016646849
4719000 0.016646849
4721500 0.016646849
4722000 0.0178147268
4724500 0.0178147268
4725000 0.016646849
4727500 0.016646849
4728000 0.0154577883
4730500 0.0154577883
4731000 0.0165680473
4733500 0.0165680473
4734000 0.0165484634
4736500 0.0165484634
4737000 0.0165484634
4739500 0.0165484634
4740000 0.02
4742500 0.02
4743000 0.0177095632
4745500 0.0177095632
4746000 0.0211764706
4748500 0.0211764706
4749000 0.0235017626
4751500 0.0235017626
4752000 0.0223529412
4754500 0.0223529412
4755000 0.0245901639
4757500 0.0245901639
4758000 0.0234741784
4760500 0.0234741784
4761000 0.0211764706
4763500 0.0211764706
4764000 0.0223266745
4766500 0.0223266745
4767000 0.0246189918
4769500 0.0246189918
4770000 0.0200471698
4772500 0.0200471698
4773000 0.0212264151
4775500 0.0212264151
4776000 0.0223792697
4778500 0.0223792697
4779000 0.0189349112
4781500 0.0189349112
4782000 0.0177725118
4784500 0.0177725118
4785000 0.0189349112
4787500 0.0189349112
4788000 0.016646849
4790500 0.016646849
4791000 0.016646849
4793500 0.016646849
4794000 0.0143198091
4796500 0.0143198091
4797000 0.0154946365
4799500 0.0154946365
4800000 0.0166666667
4802500 0.0166666667
4803000 0.0131421744
4805500 0.0131421744
4806000 0.0154761905
4808500 0.0154761905
4809000 0.0177935943
4811500 0.0177935943
4812000 0.0178147268
4814500 0.0178147268
4815000 0.0178147268
4817500 0.0178147268
4818000 0.0178147268
4820500 0.0178147268
4821000 0.0154946365
4823500 0.0154946365
4824000 0.0154761905
4826500 0.0154761905
4827000 0.016646849
4829500 0.016646849
4830000 0.0189798339
4832500 0.0189798339
4833000 0.0178147268
4835500 0.0178147268
4836000 0.0213017751
4838500 0.0213017751
4839000 0.0224852071
4841500 0.0224852071
4842000 0.0224852071
4844500 0.0224852071
4845000 0.0259433962
4847500 0.0259433962
4848000 0.0270906949
4850500 0.0270906949
4851000 0.0213017751
4853500 0.0213017751
4854000 0.0213017751
4856500 0.0213017751
4857000 0.0224586288
4859500 0.0224586288
4860000 0.0201660735
4862500 0.0201660735
4863000 0.0224852071
4865500 0.0224852071
4866000 0.0236406619
4868500 0.0236406619
4869000 0.0213270142
4871500 0.0213270142
4872000 0.0224852071
4874500 0.0224852071
4875000 0.0224586288
4877500 0.0224586288
4878000 0.0213270142
4880500 0.0213270142
4881000 0.0201660735
4883500 0.0201660735
4884000 0.0190023753
4886500 0.0190023753
4887000 0.0201660735
4889500 0.0201660735
4890000 0.0224852071
4892500 0.0224852071
4893000 0.0224586288
4895500 0.0224586288
4896000 0.0224586288
4898500 0.0224586288
4899000 0.0224852071
4901500 0.0224852071
4902000 0.0213017751
4904500 0.0213017751
4905000 0.0201421801
4907500 0.0201421801
4908000 0.0213017751
4910500 0.0213017751
4911000 0.0236127509
4913500 0.0236127509
4914000 0.0213017751
4916500 0.0213017751
4917000 0.0201421801
4919500 0.0201421801
4920000 0.0201660735
4922500 0.0201660735
4923000 0.0178147268
4925500 0.0178147268
4926000 0.016646849
4928500 0.016646849
4929000 0.0224852071
4931500 0.0224852071
4932000 0.0166865316
4934500 0.0166865316
4935000 0.0178784267
4937500 0.0178784267
4938000 0.0178571429
4940500 0.0178571429
4941000 0.0190023753
4943500 0.0190023753
4944000 0.0178359096
4946500 0.0178359096
4947000 0.0190023753
4949500 0.0190023753
4950000 0.0154761905
4952500 0.0154761905
4953000 0.0154761905
4955500 0.0154761905
4956000 0.0154761905
4958500 0.0154761905
4959000 0.0154946365
4961500 0.0154946365
4962000 0.0154761905
4964500 0.0154761905
4965000 0.016646849
4967500 0.016646849
4968000 0.0178147268
4970500 0.0178147268
4971000 0.0189798339
4973500 0.0189798339
4974000 0.0212765957
4976500 0.0212765957
4977000 0.0224321133
4979500 0.0224321133
4980000 0.0247058824
4982500 0.0247058824
4983000 0.023557126
4985500 0.023557126
4986000 0.0224056604
4988500 0.0224056604
4989000 0.0200471698
4991500 0.0200471698
4992000 0.0188679245
4994500 0.0188679245
4995000 0.0165680473
4997500 0.0165680473
4998000 0.0154028436
5000500 0.0154028436
5001000 0.013064133
5003500 0.013064133
5004000 0.010727056
5006500 0.010727056
5007000 0.0107142857
5009500 0.0107142857
5010000 0.0107015458
5012500 0.0107015458
5013000 0.00833333333
5015500 0.00833333333
5016000 0.00477897252
5018500 0.00477897252
5019000 0.00834326579
5021500 0.00834326579
5022000 0.00951248514
5024500 0.00951248514
5025000 0.00953516091
5027500 0.00953516091
5028000 0.0107142857
5030500 0.0107142857
5031000 0.0107015458
5033500 0.0107015458
5034000 0.00951248514
5036500 0.00951248514
5037000 0.0141676505
5039500 0.0141676505
5040000 0.0153121319
5042500 0.0153121319
5043000 0.0141176471
5045500 0.0141176471
5046000 0.0129564193
5048500 0.0129564193
5049000 0.0175849941
5051500 0.0175849941
5052000 0.0152761457
5054500 0.0152761457
5055000 0.0152941176
5057500 0.0152941176
5058000 0.0152761457
5060500 0.0152761457
5061000 0.0117924528
5063500 0.0117924528
5064000 0.0129564193
5066500 0.0129564193
5067000 0.0129259694
5069500 0.0129259694
5070000 0.0106007067
5072500 0.0106007067
5073000 0.00943396226
5075500 0.00943396226
5076000 0.0106007067
5078500 0.0106007067
5079000 0.011778563
5081500 0.011778563
5082000 0.011778563
5084500 0.011778563
5085000 0.015258216
5087500 0.015258216
5088000 0.0129411765
5090500 0.0129411765
5091000 0.0129411765
5093500 0.0129411765
5094000 0.011778563
5096500 0.011778563
5097000 0.011778563
5099500 0.011778563
5100000 0.00943396226
5102500 0.00943396226
5103000 0.00943396226
5105500 0.00943396226
5106000 0.00943396226
5108500 0.00943396226
5109000 0.0129259694
5111500 0.0129259694
5112000 0.0163934426
5114500 0.0163934426
5115000 0.0163934426
5117500 0.0163934426
5118000 0.0117647059
5120500 0.0117647059
5121000 0.0105882353
5123500 0.0105882353
5124000 0.0140515222
5126500 0.0140515222
5127000 0.0152046784
5129500 0.0152046784
5130000 0.0140515222
5132500 0.0140515222
5133000 0.0186480186
5135500 0.0186480186
5136000 0.016298021
5138500 0.016298021
5139000 0.0140350877
5141500 0.0140350877
5142000 0.0140350877
5144500 0.0140350877
5145000 0.0117508813
5147500 0.0117508813
5148000 0.0117233294
5150500 0.0117233294
5151000 0.0140350877
5153500 0.0140350877
5154000 0.0140350877
5156500 0.0140350877
5157000 0.0151869159
5159500 0.0151869159
5160000 0.016336056
5162500 0.016336056
5163000 0.0151691949
5165500 0.0151691949
5166000 0.0163170163
5168500 0.0163170163
5169000 0.0163170163
5171500 0.0163170163
5172000 0.0151515152
5174500 0.0151515152
5175000 0.0151515152
5177500 0.0151515152
5178000 0.0151515152
5180500 0.0151515152
5181000 0.0151338766
5183500 0.0151338766
5184000 0.0151338766
5186500 0.0151338766
5187000 0.011682243
5189500 0.011682243
5190000 0.011682243
5192500 0.011682243
5193000 0.011682243
5195500 0.011682243
5196000 0.011682243
5198500 0.011682243
5199000 0.011682243
5201500 0.011682243
5202000 0.0128354726
5204500 0.0128354726
5205000 0.0128354726
5207500 0.0128354726
5208000 0.0128654971
5210500 0.0128654971
5211000 0.0128654971
5213500 0.0128654971
5214000 0.0117096019
5216500 0.0117096019
5217000 0.0128805621
5219500 0.0128805621
5220000 0.0105633803
5222500 0.0105633803
5223000 0.0105633803
5225500 0.0105633803
5226000 0.0140350877
5228500 0.0140350877
5229000 0.0163170163
5231500 0.0163170163
5232000 0.0151869159
5234500 0.0151869159
5235000 0.0140350877
5237500 0.0140350877
5238000 0.0140186916
5240500 0.0140186916
5241000 0.0105386417
5243500 0.0105386417
5244000 0.00937866354
5246500 0.00937866354
5247000 0.0116959064
5249500 0.0116959064
5250000 0.0116959064
5252500 0.0116959064
5253000 0.0116959064
5255500 0.0116959064
5256000 0.0174418605
5258500 0.0174418605
5259000 0.0140023337
5261500 0.0140023337
5262000 0.0116959064
5264500 0.0116959064
5265000 0.00938967136
5267500 0.00938967136
5268000 0.0105633803
5270500 0.0105633803
5271000 0.00942285041
5273500 0.00942285041
5274000 0.00941176471
5276500 0.00941176471
5277000 0.00824499411
5279500 0.00824499411
5280000 0.0105757932
5282500 0.0105757932
5283000 0.0105757932
5285500 0.0105757932
5286000 0.0140515222
5288500 0.0140515222
5289000 0.0163551402
5291500 0.0163551402
5292000 0.0186480186
5294500 0.0186480186
5295000 0.0186480186
5297500 0.0186480186
5298000 0.0140515222
5300500 0.0140515222
5301000 0.0140515222
5303500 0.0140515222
5304000 0.0140679953
5306500 0.0140679953
5307000 0.0140679953
5309500 0.0140679953
5310000 0.0117370892
5312500 0.0117370892
5313000 0.00941176471
5315500 0.00941176471
5316000 0.0105757932
5318500 0.0105757932
5319000 0.0129107981
5321500 0.0129107981
5322000 0.0152224824
5324500 0.0152224824
5325000 0.016374269
5327500 0.016374269
5328000 0.014084507
5330500 0.014084507
5331000 0.0152761457
5333500 0.0152761457
5334000 0.0164512338
5336500 0.0164512338
5337000 0.0164512338
5339500 0.0164512338
5340000 0.0175849941
5342500 0.0175849941
5343000 0.0164512338
5345500 0.0164512338
5346000 0.01992966
5348500 0.01992966
5349000 0.0199530516
5351500 0.0199530516
5352000 0.0222743259
5354500 0.0222743259
5355000 0.0222482436
5357500 0.0222482436
5358000 0.0199764982
5360500 0.0199764982
5361000 0.017626322
5363500 0.017626322
5364000 0.017626322
5366500 0.017626322
5367000 0.0164705882
5369500 0.0164705882
5370000 0.0153121319
5372500 0.0153121319
5373000 0.0129716981
5375500 0.0129716981
5376000 0.0152761457
5378500 0.0152761457
5379000 0.0141010576
5381500 0.0141010576
5382000 0.0129411765
5384500 0.0129411765
5385000 0.0118063754
5387500 0.0118063754
5388000 0.0106257379
5390500 0.0106257379
5391000 0.00946745562
5393500 0.00946745562
5394000 0.00830367734
5396500 0.00830367734
5397000 0.00948991696
5399500 0.00948991696
5400000 0.011820331
5402500 0.011820331
5403000 0.0117924528
5405500 0.0117924528
5406000 0.0129564193
5408500 0.0129564193
5409000 0.0118063754
5411500 0.0118063754
5412000 0.0117924528
5414500 0.0117924528
5415000 0.0129564193
5417500 0.0129564193
5418000 0.0106257379
5420500 0.0106257379
5421000 0.0129564193
5423500 0.0129564193
5424000 0.0129564193
5426500 0.0129564193
5427000 0.0129564193
5429500 0.0129564193
5430000 0.0164512338
5432500 0.0164512338
5433000 0.0187134503
5435500 0.0187134503
5436000 0.0198366394
5438500 0.0198366394
5439000 0.0163934426
5441500 0.0163934426
5442000 0.014084507
5444500 0.014084507
5445000 0.0129411765
5447500 0.0129411765
5448000 0.0164126612
5450500 0.0164126612
5451000 0.0175849941
5453500 0.0175849941
5454000 0.0152761457
5456500 0.0152761457
5457000 0.0129564193
5459500 0.0129564193
5460000 0.015258216
5462500 0.015258216
5463000 0.0164126612
5465500 0.0164126612
5466000 0.015258216
5468500 0.015258216
5469000 0.0141176471
5471500 0.0141176471
5472000 0.0164319249
5474500 0.0164319249
5475000 0.0164126612
5477500 0.0164126612
5478000 0.0152403283
5480500 0.0152403283
5481000 0.015258216
5483500 0.015258216
5484000 0.0129107981
5486500 0.0129107981
5487000 0.014084507
5489500 0.014084507
5490000 0.0175438596
5492500 0.0175438596
5493000 0.0175233645
5495500 0.0175233645
5496000 0.0163551402
5498500 0.0163551402
5499000 0.016298021
5501500 0.016298021
5502000 0.016298021
5504500 0.016298021
5505000 0.016298021
5507500 0.016298021
5508000 0.0151338766
5510500 0.0151338766
5511000 0.0140023337
5513500 0.0140023337
5514000 0.0128504673
5516500 0.0128504673
5517000 0.0140023337
5519500 0.0140023337
5520000 0.0140023337
5522500 0.0140023337
5523000 0.0140023337
5525500 0.0140023337
5526000 0.016298021
5528500 0.016298021
5529000 0.0174621653
5531500 0.0174621653
5532000 0.0151691949
5534500 0.0151691949
5535000 0.0140350877
5537500 0.0140350877
5538000 0.0128805621
5540500 0.0128805621
5541000 0.0128654971
5543500 0.0128654971
5544000 0.0140186916
5546500 0.0140186916
5547000 0.0093676815
5549500 0.0093676815
5550000 0.0093676815
5552500 0.0093676815
5553000 0.00822561692
5555500 0.00822561692
5556000 0.00588235294
5558500 0.00588235294
5559000 0.00822561692
5561500 0.00822561692
5562000 0.00938967136
5564500 0.00938967136
5565000 0.0105509965
5567500 0.0105509965
5568000 0.0128654971
5570500 0.0128654971
5571000 0.0140186916
5573500 0.0140186916
5574000 0.0128654971
5576500 0.0128654971
5577000 0.0140186916
5579500 0.0140186916
5580000 0.00938967136
5582500 0.00938967136
5583000 0.0105633803
5585500 0.0105633803
5586000 0.00941176471
5588500 0.00941176471
5589000 0.0106007067
5591500 0.0106007067
5592000 0.0140679953
5594500 0.0140679953
5595000 0.0152403283
5597500 0.0152403283
5598000 0.014084507
5600500 0.014084507
5601000 0.015258216
5603500 0.015258216
5604000 0.0141176471
5606500 0.0141176471
5607000 0.0141342756
5609500 0.0141342756
5610000 0.017626322
5612500 0.017626322
5613000 0.0152941176
5615500 0.0152941176
5616000 0.0141509434
5618500 0.0141509434
5619000 0.011820331
5621500 0.011820331
5622000 0.0118063754
5624500 0.0118063754
5625000 0.0141509434
5627500 0.0141509434
5628000 0.0141509434
5630500 0.0141509434
5631000 0.0141509434
5633500 0.0141509434
5634000 0.0141509434
5636500 0.0141509434
5637000 0.0188014101
5639500 0.0188014101
5640000 0.0188014101
5642500 0.0188014101
5643000 0.0188235294
5645500 0.0188235294
5646000 0.0118343195
5648500 0.0118343195
5649000 0.0141676505
5651500 0.0141676505
5652000 0.0130023641
5654500 0.0130023641
5655000 0.0141676505
5657500 0.0141676505
5658000 0.0164705882
5660500 0.0164705882
5661000 0.0187793427
5663500 0.0187793427
5664000 0.0176470588
5666500 0.0176470588
5667000 0.0176470588
5669500 0.0176470588
5670000 0.017626322
5672500 0.017626322
5673000 0.0176470588
5675500 0.0176470588
5676000 0.0153121319
5678500 0.0153121319
5679000 0.0152941176
5681500 0.0152941176
5682000 0.0152941176
5684500 0.0152941176
5685000 0.0152941176
5687500 0.0152941176
5688000 0.0141342756
5690500 0.0141342756
5691000 0.0176056338
5693500 0.0176056338
5694000 0.0164512338
5696500 0.0164512338
5697000 0.0164512338
5699500 0.0164512338
5700000 0.017626322
5702500 0.017626322
5703000 0.0210772834
5705500 0.0210772834
5706000 0.023364486
5708500 0.023364486
5709000 0.021101993
5711500 0.021101993
5712000 0.01992966
5714500 0.01992966
5715000 0.0188014101
5717500 0.0188014101
5718000 0.0164899882
5720500 0.0164899882
5721000 0.0141676505
5723500 0.0141676505
5724000 0.0153482881
5726500 0.0153482881
5727000 0.0164899882
5729500 0.0164899882
5730000 0.0141676505
5732500 0.0141676505
5733000 0.0153482881
5735500 0.0153482881
5736000 0.0130177515
5738500 0.0130177515
5739000 0.0153301887
5741500 0.0153301887
5742000 0.0164899882
5744500 0.0164899882
5745000 0.0164705882
5747500 0.0164705882
5748000 0.0187793427
5750500 0.0187793427
5751000 0.0164705882
5753500 0.0164705882
5754000 0.0164705882
5756500 0.0164705882
5757000 0.017626322
5759500 0.017626322
5760000 0.01992966
5762500 0.01992966
5763000 0.0164319249
5765500 0.0164319249
5766000 0.0187573271
5768500 0.0187573271
5769000 0.0199063232
5771500 0.0199063232
5772000 0.0187573271
5774500 0.0187573271
5775000 0.0164512338
5777500 0.0164512338
5778000 0.0176056338
5780500 0.0176056338
5781000 0.0164512338
5783500 0.0164512338
5784000 0.0152761457
5786500 0.0152761457
5787000 0.0141010576
5789500 0.0141010576
5790000 0.0117924528
5792500 0.0117924528
5793000 0.0106382979
5795500 0.0106382979
5796000 0.0106508876
5798500 0.0106508876
5799000 0.0118343195
5801500 0.0118343195
5802000 0.0130177515
5804500 0.0130177515
5805000 0.00950118765
5807500 0.00950118765
5808000 0.0118483412
5810500 0.0118483412
5811000 0.0106635071
5813500 0.0106635071
5814000 0.0130177515
5816500 0.0130177515
5817000 0.0130177515
5819500 0.0130177515
5820000 0.0130177515
5822500 0.0130177515
5823000 0.0153482881
5825500 0.0153482881
5826000 0.0142011834
5828500 0.0142011834
5829000 0.013064133
5831500 0.013064133
5832000 0.0142180095
5834500 0.0142180095
5835000 0.0176886792
5837500 0.0176886792
5838000 0.0165289256
5840500 0.0165289256
5841000 0.0142011834
5843500 0.0142011834
5844000 0.0165484634
5846500 0.0165484634
5847000 0.0142180095
5849500 0.0142180095
5850000 0.0142180095
5852500 0.0142180095
5853000 0.0130486358
5855500 0.0130486358
5856000 0.0142180095
5858500 0.0142180095
5859000 0.0142180095
5861500 0.0142180095
5862000 0.013064133
5864500 0.013064133
5865000 0.0119047619
5867500 0.0119047619
5868000 0.0130952381
5870500 0.0130952381
5871000 0.0154394299
5873500 0.0154394299
5874000 0.0130796671
5876500 0.0130796671
5877000 0.010727056
5879500 0.010727056
5880000 0.0119047619
5882500 0.0119047619
5883000 0.0130796671
5885500 0.0130796671
5886000 0.010727056
5888500 0.010727056
5889000 0.0130952381
5891500 0.0130952381
5892000 0.010727056
5894500 0.010727056
5895000 0.0118906064
5897500 0.0118906064
5898000 0.0119189511
5900500 0.0119189511
5901000 0.0119047619
5903500 0.0119047619
5904000 0.0118906064
5906500 0.0118906064
5907000 0.013064133
5909500 0.013064133
5910000 0.00953516091
5912500 0.00953516091
5913000 0.0142180095
5915500 0.0142180095
5916000 0.0130331754
5918500 0.0130331754
5919000 0.0106888361
5921500 0.0106888361
5922000 0.0142180095
5924500 0.0142180095
5925000 0.0107142857
5927500 0.0107142857
5928000 0.0130796671
5930500 0.0130796671
5931000 0.0119047619
5933500 0.0119047619
5934000 0.0119047619
5936500 0.0119047619
5937000 0.0142517815
5939500 0.0142517815
5940000 0.0166073547
5942500 0.0166073547
5943000 0.0166073547
5945500 0.0166073547
5946000 0.0177725118
5948500 0.0177725118
5949000 0.0189349112
5951500 0.0189349112
5952000 0.0189798339
5954500 0.0189798339
5955000 0.016646849
5957500 0.016646849
5958000 0.0143027414
5960500 0.0143027414
5961000 0.0119617225
5963500 0.0119617225
5964000 0.0107784431
5966500 0.0107784431
5967000 0.0119760479
5969500 0.0119760479
5970000 0.0119617225
5972500 0.0119617225
5973000 0.0119760479
5975500 0.0119760479
5976000 0.0107784431
5978500 0.0107784431
5979000 0.0131264916
5981500 0.0131264916
5982000 0.0107655502
5984500 0.0107655502
5985000 0.00956937799
5987500 0.00956937799
5988000 0.0119189511
5990500 0.0119189511
5991000 0.0107398568
5993500 0.0107398568
5994000 0.0130952381
5996500 0.0130952381
5997000 0.0142687277
5999500 0.0142687277
6000000 0.0166073547
