#STEP MOLFRAC_DIOX
2500 0.0189798339
3000 0.0247641509
5500 0.0247641509
6000 0.0201421801
8500 0.0201421801
9000 0.0201421801
11500 0.0201421801
12000 0.018957346
14500 0.018957346
15000 0.0201183432
17500 0.0201183432
18000 0.018957346
20500 0.018957346
21000 0.0154394299
23500 0.0154394299
24000 0.0177725118
26500 0.0177725118
27000 0.0189349112
29500 0.0189349112
30000 0.0166270784
32500 0.0166270784
33000 0.0143027414
35500 0.0143027414
36000 0.0142857143
38500 0.0142857143
39000 0.0177935943
41500 0.0177935943
42000 0.0190023753
44500 0.0190023753
45000 0.0213523132
47500 0.0213523132
48000 0.024822695
50500 0.024822695
51000 0.0236406619
53500 0.0236406619
54000 0.0201900238
56500 0.0201900238
57000 0.0213523132
59500 0.0213523132
60000 0.0236966825
62500 0.0236966825
63000 0.0213776722
65500 0.0213776722
66000 0.0178997613
68500 0.0178997613
69000 0.0155316607
71500 0.0155316607
72000 0.0178571429
74500 0.0178571429
75000 0.0155316607
77500 0.0155316607
78000 0.019047619
80500 0.019047619
81000 0.0213523132
83500 0.0213523132
84000 0.0178784267
86500 0.0178784267
87000 0.0167064439
89500 0.0167064439
90000 0.0166865316
92500 0.0166865316
93000 0.0155131265
95500 0.0155131265
96000 0.0154761905
98500 0.0154761905
99000 0.0154761905
101500 0.0154761905
102000 0.0119474313
104500 0.0119474313
105000 0.00958083832
107500 0.00958083832
108000 0.00958083832
110500 0.00958083832
111000 0.0119474313
113500 0.0119474313
114000 0.0107784431
116500 0.0107784431
117000 0.0143198091
119500 0.0143198091
120000 0.0143027414
122500 0.0143027414
123000 0.0143027414
125500 0.0143027414
126000 0.0131108462
128500 0.0131108462
129000 0.0154761905
131500 0.0154761905
132000 0.0143027414
134500 0.0143027414
135000 0.0177935943
137500 0.0177935943
138000 0.0154577883
140500 0.0154577883
141000 0.0177514793
143500 0.0177514793
144000 0.0177514793
146500 0.0177514793
147000 0.0154577883
149500 0.0154577883
150000 0.0142857143
152500 0.0142857143
153000 0.0177935943
155500 0.0177935943
156000 0.0142857143
158500 0.0142857143
159000 0.0143198091
161500 0.0143198091
162000 0.0143198091
164500 0.0143198091
165000 0.0143198091
167500 0.0143198091
168000 0.0178571429
170500 0.0178571429
171000 0.0236966825
173500 0.0236966825
174000 0.0201900238
176500 0.0201900238
177000 0.019047619
179500 0.019047619
180000 0.019047619
182500 0.019047619
183000 0.0154946365
185500 0.0154946365
186000 0.0154946365
188500 0.0154946365
189000 0.0143027414
191500 0.0143027414
192000 0.0143027414
194500 0.0143027414
195000 0.0166270784
197500 0.0166270784
198000 0.0154577883
200500 0.0154577883
201000 0.0178359096
203500 0.0178359096
204000 0.0154946365
206500 0.0154946365
207000 0.0143198091
209500 0.0143198091
210000 0.0189798339
212500 0.0189798339
213000 0.016646849
215500 0.016646849
216000 0.0142687277
218500 0.0142687277
219000 0.0142687277
221500 0.0142687277
222000 0.0154577883
224500 0.0154577883
225000 0.0154761905
227500 0.0154761905
228000 0.0178359096
230500 0.0178359096
231000 0.0178359096
233500 0.0178359096
234000 0.0178147268
236500 0.0178147268
237000 0.0178359096
239500 0.0178359096
240000 0.0166270784
242500 0.0166270784
243000 0.0178147268
245500 0.0178147268
246000 0.0200945626
248500 0.0200945626
249000 0.0177725118
251500 0.0177725118
252000 0.0189349112
254500 0.0189349112
255000 0.0119189511
257500 0.0119189511
258000 0.0119047619
260500 0.0119047619
261000 0.0119047619
263500 0.0119047619
264000 0.0130796671
266500 0.0130796671
267000 0.0118906064
269500 0.0118906064
270000 0.0118764846
272500 0.0118764846
273000 0.0142517815
275500 0.0142517815
276000 0.0178571429
278500 0.0178571429
279000 0.0201900238
281500 0.0201900238
282000 0.0201900238
284500 0.0201900238
285000 0.0190703218
287500 0.0190703218
288000 0.0213776722
290500 0.0213776722
291000 0.019047619
293500 0.019047619
294000 0.0143884892
296500 0.0143884892
297000 0.0132211538
299500 0.0132211538
300000 0.0167664671
302500 0.0167664671
303000 0.0167664671
305500 0.0167664671
306000 0.0179856115
308500 0.0179856115
309000 0.0156438026
311500 0.0156438026
312000 0.0168067227
314500 0.0168067227
315000 0.0168269231
317500 0.0168269231
318000 0.0156438026
320500 0.0156438026
321000 0.0180722892
323500 0.0180722892
324000 0.0193236715
326500 0.0193236715
327000 0.0228640193
329500 0.0228640193
330000 0.0216606498
332500 0.0216606498
333000 0.0240384615
335500 0.0240384615
336000 0.025210084
338500 0.025210084
339000 0.0205066345
341500 0.0205066345
342000 0.0169286578
344500 0.0169286578
345000 0.0169082126
347500 0.0169082126
348000 0.0133333333
350500 0.0133333333
351000 0.00851581509
353500 0.00851581509
354000 0.0109090909
356500 0.0109090909
357000 0.0120918984
359500 0.0120918984
360000 0.0144057623
362500 0.0144057623
363000 0.0190703218
365500 0.0190703218
366000 0.0167264038
368500 0.0167264038
369000 0.0155316607
371500 0.0155316607
372000 0.0178784267
374500 0.0178784267
375000 0.0201900238
377500 0.0201900238
378000 0.019047619
380500 0.019047619
381000 0.0201660735
383500 0.0201660735
384000 0.0178571429
386500 0.0178571429
387000 0.0190249703
389500 0.0190249703
390000 0.0166865316
392500 0.0166865316
393000 0.0166865316
395500 0.0166865316
396000 0.0155131265
398500 0.0155131265
399000 0.0167064439
401500 0.0167064439
402000 0.0166865316
404500 0.0166865316
405000 0.0166865316
407500 0.0166865316
408000 0.0155131265
410500 0.0155131265
411000 0.016646849
413500 0.016646849
414000 0.0154761905
416500 0.0154761905
417000 0.016646849
419500 0.016646849
420000 0.0166073547
422500 0.0166073547
423000 0.0189349112
425500 0.0189349112
426000 0.0177725118
428500 0.0177725118
429000 0.0177725118
431500 0.0177725118
432000 0.0154211151
434500 0.0154211151
435000 0.0142517815
437500 0.0142517815
438000 0.0165876777
440500 0.0165876777
441000 0.013064133
443500 0.013064133
444000 0.0142180095
446500 0.0142180095
447000 0.0142180095
449500 0.0142180095
450000 0.0153482881
452500 0.0153482881
453000 0.0141843972
455500 0.0141843972
456000 0.0153664303
458500 0.0153664303
459000 0.0165289256
461500 0.0165289256
462000 0.0153846154
464500 0.0153846154
465000 0.0153846154
467500 0.0153846154
468000 0.0142011834
470500 0.0142011834
471000 0.0118764846
473500 0.0118764846
474000 0.013064133
476500 0.013064133
477000 0.00835322196
479500 0.00835322196
480000 0.0107142857
482500 0.0107142857
483000 0.0107015458
485500 0.0107015458
486000 0.0142011834
488500 0.0142011834
489000 0.0142011834
491500 0.0142011834
492000 0.0142011834
494500 0.0142011834
495000 0.0165289256
497500 0.0165289256
498000 0.0153664303
500500 0.0153664303
501000 0.0130177515
503500 0.0130177515
504000 0.0118343195
506500 0.0118343195
507000 0.0153664303
509500 0.0153664303
510000 0.0176886792
512500 0.0176886792
513000 0.0165289256
515500 0.0165289256
516000 0.0141843972
518500 0.0141843972
519000 0.0141509434
521500 0.0141509434
522000 0.0141176471
524500 0.0141176471
525000 0.0129716981
527500 0.0129716981
528000 0.0141342756
530500 0.0141342756
531000 0.0141342756
533500 0.0141342756
534000 0.0153121319
536500 0.0153121319
537000 0.0153121319
539500 0.0153121319
540000 0.0141676505
542500 0.0141676505
543000 0.0153301887
545500 0.0153301887
546000 0.0141676505
548500 0.0141676505
549000 0.0141676505
551500 0.0141676505
552000 0.0141676505
554500 0.0141676505
555000 0.0141676505
557500 0.0141676505
558000 0.0141843972
560500 0.0141843972
561000 0.0141843972
563500 0.0141843972
564000 0.0130331754
566500 0.0130331754
567000 0.0130486358
569500 0.0130486358
570000 0.00953516091
572500 0.00953516091
573000 0.00834326579
575500 0.00834326579
576000 0.0106888361
578500 0.0106888361
579000 0.0130331754
581500 0.0130331754
582000 0.00950118765
584500 0.00950118765
585000 0.0106761566
587500 0.0106761566
588000 0.0106888361
590500 0.0106888361
591000 0.00951248514
593500 0.00951248514
594000 0.0107015458
596500 0.0107015458
597000 0.0130486358
599500 0.0130486358
600000 0.0118764846
602500 0.0118764846
603000 0.0130331754
605500 0.0130331754
606000 0.0130177515
608500 0.0130177515
609000 0.0141843972
611500 0.0141843972
612000 0.0118343195
614500 0.0118343195
615000 0.0118343195
617500 0.0118343195
618000 0.0130023641
620500 0.0130023641
621000 0.00947867299
623500 0.00947867299
624000 0.00946745562
626500 0.00946745562
627000 0.0106132075
629500 0.0106132075
630000 0.00943396226
632500 0.00943396226
633000 0.0129107981
635500 0.0129107981
636000 0.0152224824
638500 0.0152224824
639000 0.0140515222
641500 0.0140515222
642000 0.0152224824
644500 0.0152224824
645000 0.0152224824
647500 0.0152224824
648000 0.0152224824
650500 0.0152224824
651000 0.0140679953
653500 0.0140679953
654000 0.0140515222
656500 0.0140515222
657000 0.0152046784
659500 0.0152046784
660000 0.0128956624
662500 0.0128956624
663000 0.0105882353
665500 0.0105882353
666000 0.00942285041
668500 0.00942285041
669000 0.00942285041
671500 0.00942285041
672000 0.0117508813
674500 0.0117508813
675000 0.0105882353
677500 0.0105882353
678000 0.0117508813
680500 0.0117508813
681000 0.0105882353
683500 0.0105882353
684000 0.0117508813
686500 0.0117508813
687000 0.0129107981
689500 0.0129107981
690000 0.0140679953
692500 0.0140679953
693000 0.0128956624
695500 0.0128956624
696000 0.0128805621
698500 0.0128805621
699000 0.0117370892
701500 0.0117370892
702000 0.0117508813
704500 0.0117508813
705000 0.00941176471
707500 0.00941176471
708000 0.0105386417
710500 0.0105386417
711000 0.0105509965
713500 0.0105509965
714000 0.0093676815
716500 0.0093676815
717000 0.00703399766
719500 0.00703399766
720000 0.0081871345
722500 0.0081871345
723000 0.0081871345
725500 0.0081871345
726000 0.00935672515
728500 0.00935672515
729000 0.0093676815
731500 0.0093676815
732000 0.0105263158
734500 0.0105263158
735000 0.0128354726
737500 0.0128354726
738000 0.0128354726
740500 0.0128354726
741000 0.0128354726
743500 0.0128354726
744000 0.0139697322
746500 0.0139697322
747000 0.0151162791
749500 0.0151162791
750000 0.0174216028
752500 0.0174216028
753000 0.0174216028
755500 0.0174216028
756000 0.0208333333
758500 0.0208333333
759000 0.0162790698
761500 0.0162790698
762000 0.016336056
764500 0.016336056
765000 0.0140350877
767500 0.0140350877
768000 0.0174825175
770500 0.0174825175
771000 0.016336056
773500 0.016336056
774000 0.0117370892
776500 0.0117370892
777000 0.0105633803
779500 0.0105633803
780000 0.00940070505
782500 0.00940070505
783000 0.0105633803
785500 0.0105633803
786000 0.0105509965
788500 0.0105509965
789000 0.00823529412
791500 0.00823529412
792000 0.00824499411
794500 0.00824499411
795000 0.00941176471
797500 0.00941176471
798000 0.0105757932
800500 0.0105757932
801000 0.0117233294
803500 0.0117233294
804000 0.0117233294
806500 0.0117233294
807000 0.0117233294
809500 0.0117233294
810000 0.0105633803
812500 0.0105633803
813000 0.00823529412
815500 0.00823529412
816000 0.0117233294
818500 0.0117233294
819000 0.0105633803
821500 0.0105633803
822000 0.0105633803
824500 0.0105633803
825000 0.0117370892
827500 0.0117370892
828000 0.0117508813
830500 0.0117508813
831000 0.0105882353
833500 0.0105882353
834000 0.00942285041
836500 0.00942285041
837000 0.0117647059
839500 0.0117647059
840000 0.014084507
842500 0.014084507
843000 0.0129259694
845500 0.0129259694
846000 0.0141010576
848500 0.0141010576
849000 0.0129564193
851500 0.0129564193
852000 0.0106132075
854500 0.0106132075
855000 0.0117924528
857500 0.0117924528
858000 0.00943396226
860500 0.00943396226
861000 0.00826446281
863500 0.00826446281
864000 0.00827423168
866500 0.00827423168
867000 0.00829383886
869500 0.00829383886
870000 0.00948991696
872500 0.00948991696
873000 0.0118483412
875500 0.0118483412
876000 0.0130177515
878500 0.0130177515
879000 0.0106635071
881500 0.0106635071
882000 0.00948991696
884500 0.00948991696
885000 0.0106508876
887500 0.0106508876
888000 0.0141509434
890500 0.0141509434
891000 0.0141843972
893500 0.0141843972
894000 0.0130177515
896500 0.0130177515
897000 0.0118483412
899500 0.0118483412
900000 0.0118483412
902500 0.0118483412
903000 0.00948991696
905500 0.00948991696
906000 0.00713436385
908500 0.00713436385
909000 0.00831353919
911500 0.00831353919
912000 0.00711743772
914500 0.00711743772
915000 0.00593824228
917500 0.00593824228
918000 0.00711743772
920500 0.00711743772
921000 0.00710900474
923500 0.00710900474
924000 0.00945626478
926500 0.00945626478
927000 0.00944510035
929500 0.00944510035
930000 0.0106132075
932500 0.0106132075
933000 0.011778563
935500 0.011778563
936000 0.0105882353
938500 0.0105882353
939000 0.00943396226
941500 0.00943396226
942000 0.0106007067
944500 0.0106007067
945000 0.0129259694
947500 0.0129259694
948000 0.0106508876
950500 0.0106508876
951000 0.012987013
953500 0.012987013
954000 0.0129716981
956500 0.0129716981
957000 0.0117924528
959500 0.0117924528
960000 0.0118063754
962500 0.0118063754
963000 0.0129716981
965500 0.0129716981
966000 0.011820331
968500 0.011820331
969000 0.0106382979
971500 0.0106382979
972000 0.00946745562
974500 0.00946745562
975000 0.00950118765
977500 0.00950118765
978000 0.0130023641
980500 0.0130023641
981000 0.0153121319
983500 0.0153121319
984000 0.0141676505
986500 0.0141676505
987000 0.0141843972
989500 0.0141843972
990000 0.016509434
992500 0.016509434
993000 0.0188457008
995500 0.0188457008
996000 0.0153846154
998500 0.0153846154
999000 0.0154028436
1001500 0.0154028436
1002000 0.0142180095
1004500 0.0142180095
1005000 0.0107015458
1007500 0.0107015458
1008000 0.0142011834
1010500 0.0142011834
1011000 0.0106761566
1013500 0.0106761566
1014000 0.0106761566
1016500 0.0106761566
1017000 0.0118483412
1019500 0.0118483412
1020000 0.00831353919
1022500 0.00831353919
1023000 0.00831353919
1025500 0.00831353919
1026000 0.00830367734
1028500 0.00830367734
1029000 0.00947867299
1031500 0.00947867299
1032000 0.00712589074
1034500 0.00712589074
1035000 0.00715990453
1037500 0.00715990453
1038000 0.00953516091
1040500 0.00953516091
1041000 0.0130796671
1043500 0.0130796671
1044000 0.0142517815
1046500 0.0142517815
1047000 0.0154394299
1049500 0.0154394299
1050000 0.0166270784
1052500 0.0166270784
1053000 0.0131108462
1055500 0.0131108462
1056000 0.0119189511
1058500 0.0119189511
1059000 0.0142687277
1061500 0.0142687277
1062000 0.0166073547
1064500 0.0166073547
1065000 0.0166073547
1067500 0.0166073547
1068000 0.0142687277
1070500 0.0142687277
1071000 0.0143027414
1073500 0.0143027414
1074000 0.0166270784
1076500 0.0166270784
1077000 0.0166270784
1079500 0.0166270784
1080000 0.0166270784
1082500 0.0166270784
1083000 0.0154577883
1085500 0.0154577883
1086000 0.0166270784
1088500 0.0166270784
1089000 0.0131264916
1091500 0.0131264916
1092000 0.0143027414
1094500 0.0143027414
1095000 0.0166666667
1097500 0.0166666667
1098000 0.0178359096
1100500 0.0178359096
1101000 0.0166865316
1103500 0.0166865316
1104000 0.0155131265
1106500 0.0155131265
1107000 0.0166865316
1109500 0.0166865316
1110000 0.0201660735
1112500 0.0201660735
1113000 0.0236127509
1115500 0.0236127509
1116000 0.0236406619
1118500 0.0236406619
1119000 0.027027027
1121500 0.027027027
1122000 0.0247349823
1124500 0.0247349823
1125000 0.0258823529
1127500 0.0258823529
1128000 0.0224056604
1130500 0.0224056604
1131000 0.0212765957
1133500 0.0212765957
1134000 0.018957346
1136500 0.018957346
1137000 0.018957346
1139500 0.018957346
1140000 0.0177935943
1142500 0.0177935943
1143000 0.0166270784
1145500 0.0166270784
1146000 0.0166270784
1148500 0.0166270784
1149000 0.018957346
1151500 0.018957346
1152000 0.0154394299
1154500 0.0154394299
1155000 0.0165680473
1157500 0.0165680473
1158000 0.0154211151
1160500 0.0154211151
1161000 0.0165680473
1163500 0.0165680473
1164000 0.0165484634
1166500 0.0165484634
1167000 0.0165484634
1169500 0.0165484634
1170000 0.0165484634
1172500 0.0165484634
1173000 0.0177095632
1175500 0.0177095632
1176000 0.0200235571
1178500 0.0200235571
1179000 0.02
1181500 0.02
1182000 0.0176886792
1184500 0.0176886792
1185000 0.0211515864
1187500 0.0211515864
1188000 0.0199764982
1190500 0.0199764982
1191000 0.0176678445
1193500 0.0176678445
1194000 0.0165289256
1196500 0.0165289256
1197000 0.0141843972
1199500 0.0141843972
1200000 0.0118483412
1202500 0.0118483412
1203000 0.0130177515
1205500 0.0130177515
1206000 0.0153482881
1208500 0.0153482881
1209000 0.0153301887
1211500 0.0153301887
1212000 0.0153482881
1214500 0.0153482881
1215000 0.0165484634
1217500 0.0165484634
1218000 0.0176886792
1220500 0.0176886792
1221000 0.0153482881
1223500 0.0153482881
1224000 0.0130177515
1226500 0.0130177515
1227000 0.0141843972
1229500 0.0141843972
1230000 0.0141676505
1232500 0.0141676505
1233000 0.0141676505
1235500 0.0141676505
1236000 0.0176470588
1238500 0.0176470588
1239000 0.016509434
1241500 0.016509434
1242000 0.0142011834
1244500 0.0142011834
1245000 0.0130331754
1247500 0.0130331754
1248000 0.0141843972
1250500 0.0141843972
1251000 0.0118764846
1253500 0.0118764846
1254000 0.0142348754
1256500 0.0142348754
1257000 0.0130486358
1259500 0.0130486358
1260000 0.0130796671
1262500 0.0130796671
1263000 0.0142687277
1265500 0.0142687277
1266000 0.0166073547
1268500 0.0166073547
1269000 0.0142687277
1271500 0.0142687277
1272000 0.0119331742
1274500 0.0119331742
1275000 0.0131108462
1277500 0.0131108462
1278000 0.00718562874
1280500 0.00718562874
1281000 0.00956937799
1283500 0.00956937799
1284000 0.00838323353
1286500 0.00838323353
1287000 0.00600240096
1289500 0.00600240096
1290000 0.0119189511
1292500 0.0119189511
1293000 0.0119189511
1295500 0.0119189511
1296000 0.0142857143
1298500 0.0142857143
1299000 0.0154577883
1301500 0.0154577883
1302000 0.0154394299
1304500 0.0154394299
1305000 0.0154394299
1307500 0.0154394299
1308000 0.0130952381
1310500 0.0130952381
1311000 0.0142517815
1313500 0.0142517815
1314000 0.0177725118
1316500 0.0177725118
1317000 0.0212514758
1319500 0.0212514758
1320000 0.0177935943
1322500 0.0177935943
1323000 0.0143027414
1325500 0.0143027414
1326000 0.0143027414
1328500 0.0143027414
1329000 0.0143027414
1331500 0.0143027414
1332000 0.0143027414
1334500 0.0143027414
1335000 0.0143198091
1337500 0.0143198091
1338000 0.0119617225
1340500 0.0119617225
1341000 0.0131578947
1343500 0.0131578947
1344000 0.0119474313
1346500 0.0119474313
1347000 0.00839328537
1349500 0.00839328537
1350000 0.00959232614
1352500 0.00959232614
1353000 0.0107784431
1355500 0.0107784431
1356000 0.00839328537
1358500 0.00839328537
1359000 0.0107526882
1361500 0.0107526882
1362000 0.010727056
1364500 0.010727056
1365000 0.0142517815
1367500 0.0142517815
1368000 0.0119047619
1370500 0.0119047619
1371000 0.0130796671
1373500 0.0130796671
1374000 0.0177514793
1376500 0.0177514793
1377000 0.0154211151
1379500 0.0154211151
1380000 0.0142687277
1382500 0.0142687277
1383000 0.0130796671
1385500 0.0130796671
1386000 0.0154211151
1388500 0.0154211151
1389000 0.0154394299
1391500 0.0154394299
1392000 0.0142857143
1394500 0.0142857143
1395000 0.0142687277
1397500 0.0142687277
1398000 0.0142687277
1400500 0.0142687277
1401000 0.0154394299
1403500 0.0154394299
1404000 0.0142348754
1406500 0.0142348754
1407000 0.0165484634
1409500 0.0165484634
1410000 0.0142180095
1412500 0.0142180095
1413000 0.0153846154
1415500 0.0153846154
1416000 0.0153846154
1418500 0.0153846154
1419000 0.0188679245
1421500 0.0188679245
1422000 0.0200235571
1424500 0.0200235571
1425000 0.0212014134
1427500 0.0212014134
1428000 0.0200235571
1430500 0.0200235571
1431000 0.0176886792
1433500 0.0176886792
1434000 0.016509434
1436500 0.016509434
1437000 0.0153301887
1439500 0.0153301887
1440000 0.0153482881
1442500 0.0153482881
1443000 0.0176886792
1445500 0.0176886792
1446000 0.0165484634
1448500 0.0165484634
1449000 0.0130796671
1451500 0.0130796671
1452000 0.00835322196
1454500 0.00835322196
1455000 0.0107142857
1457500 0.0107142857
1458000 0.00953516091
1460500 0.00953516091
1461000 0.00835322196
1463500 0.00835322196
1464000 0.0118764846
1466500 0.0118764846
1467000 0.0130486358
1469500 0.0130486358
1470000 0.0130796671
1472500 0.0130796671
1473000 0.0119047619
1475500 0.0119047619
1476000 0.0119047619
1478500 0.0119047619
1479000 0.0130952381
1481500 0.0130952381
1482000 0.0119189511
1484500 0.0119189511
1485000 0.0130796671
1487500 0.0130796671
1488000 0.0142687277
1490500 0.0142687277
1491000 0.0130796671
1493500 0.0130796671
1494000 0.0143027414
1496500 0.0143027414
1497000 0.016646849
1499500 0.016646849
1500000 0.0201183432
1502500 0.0201183432
1503000 0.0212765957
1505500 0.0212765957
1506000 0.0201183432
1508500 0.0201183432
1509000 0.0200945626
1511500 0.0200945626
1512000 0.023557126
1514500 0.023557126
1515000 0.0258519389
1517500 0.0258519389
1518000 0.0223792697
1520500 0.0223792697
1521000 0.0235294118
1523500 0.0235294118
1524000 0.0269636577
1526500 0.0269636577
1527000 0.0246478873
1529500 0.0246478873
1530000 0.0247058824
1532500 0.0247058824
1533000 0.0212514758
1535500 0.0212514758
1536000 0.0200945626
1538500 0.0200945626
1539000 0.0189125296
1541500 0.0189125296
1542000 0.0154211151
1544500 0.0154211151
1545000 0.0177095632
1547500 0.0177095632
1548000 0.0164705882
1550500 0.0164705882
1551000 0.0153121319
1553500 0.0153121319
1554000 0.0164705882
1556500 0.0164705882
1557000 0.0130177515
1559500 0.0130177515
1560000 0.0130331754
1562500 0.0130331754
1563000 0.0118623962
1565500 0.0118623962
1566000 0.0118483412
1568500 0.0118483412
1569000 0.0106508876
1571500 0.0106508876
1572000 0.0129716981
1574500 0.0129716981
1575000 0.0152761457
1577500 0.0152761457
1578000 0.0141176471
1580500 0.0141176471
1581000 0.015258216
1583500 0.015258216
1584000 0.0175849941
1586500 0.0175849941
1587000 0.0164126612
1589500 0.0164126612
1590000 0.0152761457
1592500 0.0152761457
1593000 0.0152941176
1595500 0.0152941176
1596000 0.0141342756
1598500 0.0141342756
1599000 0.0141342756
1601500 0.0141342756
1602000 0.0153121319
1604500 0.0153121319
1605000 0.0164705882
1607500 0.0164705882
1608000 0.0153301887
1610500 0.0153301887
1611000 0.0153301887
1613500 0.0153301887
1614000 0.0188014101
1616500 0.0188014101
1617000 0.0187573271
1619500 0.0187573271
1620000 0.0210280374
1622500 0.0210280374
1623000 0.0175849941
1625500 0.0175849941
1626000 0.015258216
1628500 0.015258216
1629000 0.015258216
1631500 0.015258216
1632000 0.0175644028
1634500 0.0175644028
1635000 0.0186697783
1637500 0.0186697783
1638000 0.0220930233
1640500 0.0220930233
1641000 0.0186915888
1643500 0.0186915888
1644000 0.0164319249
1646500 0.0164319249
1647000 0.0176056338
1649500 0.0176056338
1650000 0.0187793427
1652500 0.0187793427
1653000 0.0199063232
1655500 0.0199063232
1656000 0.0152761457
1658500 0.0152761457
1659000 0.0117924528
1661500 0.0117924528
1662000 0.0141342756
1664500 0.0141342756
1665000 0.00830367734
1667500 0.00830367734
1668000 0.00948991696
1670500 0.00948991696
1671000 0.0153482881
1673500 0.0153482881
1674000 0.0153482881
1676500 0.0153482881
1677000 0.016509434
1679500 0.016509434
1680000 0.0153482881
1682500 0.0153482881
1683000 0.0130177515
1685500 0.0130177515
1686000 0.0153121319
1688500 0.0153121319
1689000 0.0153121319
1691500 0.0153121319
1692000 0.017626322
1694500 0.017626322
1695000 0.0164705882
1697500 0.0164705882
1698000 0.0176470588
1700500 0.0176470588
1701000 0.0164705882
1703500 0.0164705882
1704000 0.0153301887
1706500 0.0153301887
1707000 0.0153301887
1709500 0.0153301887
1710000 0.0130023641
1712500 0.0130023641
1713000 0.0153121319
1715500 0.0153121319
1716000 0.016509434
1718500 0.016509434
1719000 0.016509434
1721500 0.016509434
1722000 0.0141843972
1724500 0.0141843972
1725000 0.0118063754
1727500 0.0118063754
1728000 0.0106382979
1730500 0.0106382979
1731000 0.0106382979
1733500 0.0106382979
1734000 0.0106382979
1736500 0.0106382979
1737000 0.0106382979
1739500 0.0106382979
1740000 0.00946745562
1742500 0.00946745562
1743000 0.012987013
1745500 0.012987013
1746000 0.0141509434
1748500 0.0141509434
1749000 0.0141676505
1751500 0.0141676505
1752000 0.017626322
1754500 0.017626322
1755000 0.0153121319
1757500 0.0153121319
1758000 0.01992966
1760500 0.01992966
1761000 0.0164899882
1763500 0.0164899882
1764000 0.0141676505
1766500 0.0141676505
1767000 0.0153301887
1769500 0.0153301887
1770000 0.0176678445
1772500 0.0176678445
1773000 0.0176886792
1775500 0.0176886792
1776000 0.0188457008
1778500 0.0188457008
1779000 0.0153664303
1781500 0.0153664303
1782000 0.0153482881
1784500 0.0153482881
1785000 0.0153301887
1787500 0.0153301887
1788000 0.0118483412
1790500 0.0118483412
1791000 0.0141843972
1793500 0.0141843972
1794000 0.0142011834
1796500 0.0142011834
1797000 0.0154028436
1799500 0.0154028436
1800000 0.0154028436
1802500 0.0154028436
1803000 0.0154211151
1805500 0.0154211151
1806000 0.0165876777
1808500 0.0165876777
1809000 0.0165876777
1811500 0.0165876777
1812000 0.0154028436
1814500 0.0154028436
1815000 0.0118483412
1817500 0.0118483412
1818000 0.0130177515
1820500 0.0130177515
1821000 0.0130177515
1823500 0.0130177515
1824000 0.0153482881
1826500 0.0153482881
1827000 0.0118483412
1829500 0.0118483412
1830000 0.0153482881
1832500 0.0153482881
1833000 0.0130177515
1835500 0.0130177515
1836000 0.0106635071
1838500 0.0106635071
1839000 0.0118623962
1841500 0.0118623962
1842000 0.0130331754
1844500 0.0130331754
1845000 0.0106888361
1847500 0.0106888361
1848000 0.00714285714
1850500 0.00714285714
1851000 0.00950118765
1853500 0.00950118765
1854000 0.00832342449
1856500 0.00832342449
1857000 0.00595947557
1859500 0.00595947557
1860000 0.00595238095
1862500 0.00595238095
1863000 0.00831353919
1865500 0.00831353919
1866000 0.00948991696
1868500 0.00948991696
1869000 0.00831353919
1871500 0.00831353919
1872000 0.00831353919
1874500 0.00831353919
1875000 0.00713436385
1877500 0.00713436385
1878000 0.0106635071
1880500 0.0106635071
1881000 0.0118343195
1883500 0.0118343195
1884000 0.0141176471
1886500 0.0141176471
1887000 0.0141176471
1889500 0.0141176471
1890000 0.0118063754
1892500 0.0118063754
1893000 0.0129716981
1895500 0.0129716981
1896000 0.0129411765
1898500 0.0129411765
1899000 0.011778563
1901500 0.011778563
1902000 0.011778563
1904500 0.011778563
1905000 0.00944510035
1907500 0.00944510035
1908000 0.00944510035
1910500 0.00944510035
1911000 0.0117647059
1913500 0.0117647059
1914000 0.00942285041
1916500 0.00942285041
1917000 0.0105882353
1919500 0.0105882353
1920000 0.0105757932
1922500 0.0105757932
1923000 0.0140515222
1925500 0.0140515222
1926000 0.0163934426
1928500 0.0163934426
1929000 0.0175233645
1931500 0.0175233645
1932000 0.0152403283
1934500 0.0152403283
1935000 0.0129259694
1937500 0.0129259694
1938000 0.014084507
1940500 0.014084507
1941000 0.0163934426
1943500 0.0163934426
1944000 0.016374269
1946500 0.016374269
1947000 0.0163551402
1949500 0.0163551402
1950000 0.0129107981
1952500 0.0129107981
1953000 0.0129107981
1955500 0.0129107981
1956000 0.0129107981
1958500 0.0129107981
1959000 0.0140679953
1961500 0.0140679953
1962000 0.00941176471
1964500 0.00941176471
1965000 0.0128956624
1967500 0.0128956624
1968000 0.0105882353
1970500 0.0105882353
1971000 0.0105757932
1973500 0.0105757932
1974000 0.0105882353
1976500 0.0105882353
1977000 0.0140679953
1979500 0.0140679953
1980000 0.015258216
1982500 0.015258216
1983000 0.0141010576
1985500 0.0141010576
1986000 0.0129259694
1988500 0.0129259694
1989000 0.0117647059
1991500 0.0117647059
1992000 0.0106007067
1994500 0.0106007067
1995000 0.0117508813
1997500 0.0117508813
1998000 0.0140679953
2000500 0.0140679953
2001000 0.016374269
2003500 0.016374269
2004000 0.0152224824
2006500 0.0152224824
2007000 0.016374269
2009500 0.016374269
2010000 0.0129107981
2012500 0.0129107981
2013000 0.0117508813
2015500 0.0117508813
2016000 0.00709219858
2018500 0.00709219858
2019000 0.00944510035
2021500 0.00944510035
2022000 0.0129259694
2024500 0.0129259694
2025000 0.0129259694
2027500 0.0129259694
2028000 0.0129411765
2030500 0.0129411765
2031000 0.0130023641
2033500 0.0130023641
2034000 0.0153301887
2036500 0.0153301887
2037000 0.0164705882
2039500 0.0164705882
2040000 0.017626322
2042500 0.017626322
2043000 0.0152941176
2045500 0.0152941176
2046000 0.0176056338
2048500 0.0176056338
2049000 0.0175849941
2051500 0.0175849941
2052000 0.0141176471
2054500 0.0141176471
2055000 0.0129411765
2057500 0.0129411765
2058000 0.0106382979
2060500 0.0106382979
2061000 0.012987013
2063500 0.012987013
2064000 0.0106382979
2066500 0.0106382979
2067000 0.00713436385
2069500 0.00713436385
2070000 0.00715137068
2072500 0.00715137068
2073000 0.00951248514
2075500 0.00951248514
2076000 0.00951248514
2078500 0.00951248514
2079000 0.00951248514
2081500 0.00951248514
2082000 0.00477897252
2084500 0.00477897252
2085000 0.00358851675
2087500 0.00358851675
2088000 0.00595238095
2090500 0.00595238095
2091000 0.00594530321
2093500 0.00594530321
2094000 0.00711743772
2096500 0.00711743772
2097000 0.0118063754
2099500 0.0118063754
2100000 0.0164705882
2102500 0.0164705882
2103000 0.0164705882
2105500 0.0164705882
2106000 0.0141843972
2108500 0.0141843972
2109000 0.0130177515
2111500 0.0130177515
2112000 0.0141676505
2114500 0.0141676505
2115000 0.0130023641
2117500 0.0130023641
2118000 0.0118343195
2120500 0.0118343195
2121000 0.0153301887
2123500 0.0153301887
2124000 0.016509434
2126500 0.016509434
2127000 0.0153482881
2129500 0.0153482881
2130000 0.0153301887
2132500 0.0153301887
2133000 0.0153482881
2135500 0.0153482881
2136000 0.00950118765
2138500 0.00950118765
2139000 0.0118623962
2141500 0.0118623962
2142000 0.0130331754
2144500 0.0130331754
2145000 0.00951248514
2147500 0.00951248514
2148000 0.00952380952
2150500 0.00952380952
2151000 0.00953516091
2153500 0.00953516091
2154000 0.0118906064
2156500 0.0118906064
2157000 0.0142348754
2159500 0.0142348754
2160000 0.0177514793
2162500 0.0177514793
2163000 0.0166073547
2165500 0.0166073547
2166000 0.0200708383
2168500 0.0200708383
2169000 0.0212014134
2171500 0.0212014134
2172000 0.0211764706
2174500 0.0211764706
2175000 0.0188679245
2177500 0.0188679245
2178000 0.0200235571
2180500 0.0200235571
2181000 0.0177095632
2183500 0.0177095632
2184000 0.0188902007
2186500 0.0188902007
2187000 0.0212264151
2189500 0.0212264151
2190000 0.0200708383
2192500 0.0200708383
2193000 0.0188902007
2195500 0.0188902007
2196000 0.0153846154
2198500 0.0153846154
2199000 0.0153664303
2201500 0.0153664303
2202000 0.0153846154
2204500 0.0153846154
2205000 0.0153664303
2207500 0.0153664303
2208000 0.0153121319
2210500 0.0153121319
2211000 0.0164705882
2213500 0.0164705882
2214000 0.0164705882
2216500 0.0164705882
2217000 0.0187793427
2219500 0.0187793427
2220000 0.0187573271
2222500 0.0187573271
2223000 0.0153121319
2225500 0.0153121319
2226000 0.0164899882
2228500 0.0164899882
2229000 0.021101993
2231500 0.021101993
2232000 0.01992966
2234500 0.01992966
2235000 0.0164512338
2237500 0.0164512338
2238000 0.0152941176
2240500 0.0152941176
2241000 0.012987013
2243500 0.012987013
2244000 0.0141509434
2246500 0.0141509434
2247000 0.0141509434
2249500 0.0141509434
2250000 0.0129716981
2252500 0.0129716981
2253000 0.0129716981
2255500 0.0129716981
2256000 0.0153121319
2258500 0.0153121319
2259000 0.0164705882
2261500 0.0164705882
2262000 0.0164705882
2264500 0.0164705882
2265000 0.0152941176
2267500 0.0152941176
2268000 0.0152941176
2270500 0.0152941176
2271000 0.0153121319
2273500 0.0153121319
2274000 0.0141509434
2276500 0.0141509434
2277000 0.0152941176
2279500 0.0152941176
2280000 0.0187573271
2282500 0.0187573271
2283000 0.0210772834
2285500 0.0210772834
2286000 0.0187793427
2288500 0.0187793427
2289000 0.01992966
2291500 0.01992966
2292000 0.0210772834
2294500 0.0210772834
2295000 0.0222743259
2297500 0.0222743259
2298000 0.0211267606
2300500 0.0211267606
2301000 0.0188235294
2303500 0.0188235294
2304000 0.0153846154
2306500 0.0153846154
2307000 0.0142348754
2309500 0.0142348754
2310000 0.0154211151
2312500 0.0154211151
2313000 0.0154394299
2315500 0.0154394299
2316000 0.0166270784
2318500 0.0166270784
2319000 0.0177725118
2321500 0.0177725118
2322000 0.0200708383
2324500 0.0200708383
2325000 0.0200708383
2327500 0.0200708383
2328000 0.0188679245
2330500 0.0188679245
2331000 0.02
2333500 0.02
2334000 0.0188457008
2336500 0.0188457008
2337000 0.0211764706
2339500 0.0211764706
2340000 0.0200235571
2342500 0.0200235571
2343000 0.0176886792
2345500 0.0176886792
2346000 0.0200235571
2348500 0.0200235571
2349000 0.0211764706
2351500 0.0211764706
2352000 0.0211764706
2354500 0.0211764706
2355000 0.0188679245
2357500 0.0188679245
2358000 0.0200471698
2360500 0.0200471698
2361000 0.0165289256
2363500 0.0165289256
2364000 0.0153846154
2366500 0.0153846154
2367000 0.0130177515
2369500 0.0130177515
2370000 0.0130331754
2372500 0.0130331754
2373000 0.0141843972
2375500 0.0141843972
2376000 0.0165289256
2378500 0.0165289256
2379000 0.0223266745
2381500 0.0223266745
2382000 0.0211764706
2384500 0.0211764706
2385000 0.0176886792
2387500 0.0176886792
2388000 0.02
2390500 0.02
2391000 0.0200235571
2393500 0.0200235571
2394000 0.0200235571
2396500 0.0200235571
2397000 0.0177725118
2399500 0.0177725118
2400000 0.0177725118
2402500 0.0177725118
2403000 0.0166073547
2405500 0.0166073547
2406000 0.0189125296
2408500 0.0189125296
2409000 0.0165680473
2411500 0.0165680473
2412000 0.0142348754
2414500 0.0142348754
2415000 0.013064133
2417500 0.013064133
2418000 0.0142348754
2420500 0.0142348754
2421000 0.0142348754
2423500 0.0142348754
2424000 0.0154211151
2426500 0.0154211151
2427000 0.0154211151
2429500 0.0154211151
2430000 0.0142517815
2432500 0.0142517815
2433000 0.0130486358
2435500 0.0130486358
2436000 0.0153664303
2438500 0.0153664303
2439000 0.0176886792
2441500 0.0176886792
2442000 0.0165484634
2444500 0.0165484634
2445000 0.0188679245
2447500 0.0188679245
2448000 0.0188902007
2450500 0.0188902007
2451000 0.0188902007
2453500 0.0188902007
2454000 0.0188679245
2456500 0.0188679245
2457000 0.0176886792
2459500 0.0176886792
2460000 0.0211515864
2462500 0.0211515864
2463000 0.0188235294
2465500 0.0188235294
2466000 0.0222743259
2468500 0.0222743259
2469000 0.0222482436
2471500 0.0222482436
2472000 0.0199530516
2474500 0.0199530516
2475000 0.01992966
2477500 0.01992966
2478000 0.0176056338
2480500 0.0176056338
2481000 0.0187573271
2483500 0.0187573271
2484000 0.0187573271
2486500 0.0187573271
2487000 0.0164319249
2489500 0.0164319249
2490000 0.0153121319
2492500 0.0153121319
2493000 0.0164899882
2495500 0.0164899882
2496000 0.016509434
2498500 0.016509434
2499000 0.0164899882
2501500 0.0164899882
2502000 0.0199764982
2504500 0.0199764982
2505000 0.0176678445
2507500 0.0176678445
2508000 0.0188457008
2510500 0.0188457008
2511000 0.0177095632
2513500 0.0177095632
2514000 0.0200235571
2516500 0.0200235571
2517000 0.0211764706
2519500 0.0211764706
2520000 0.0177304965
2522500 0.0177304965
2523000 0.0177304965
2525500 0.0177304965
2526000 0.0177304965
2528500 0.0177304965
2529000 0.0177304965
2531500 0.0177304965
2532000 0.0188902007
2534500 0.0188902007
2535000 0.0212014134
2537500 0.0212014134
2538000 0.0200471698
2540500 0.0200471698
2541000 0.0200708383
2543500 0.0200708383
2544000 0.0177725118
2546500 0.0177725118
2547000 0.0189125296
2549500 0.0189125296
2550000 0.0200945626
2552500 0.0200945626
2553000 0.0200945626
2555500 0.0200945626
2556000 0.0200945626
2558500 0.0200945626
2559000 0.0201183432
2561500 0.0201183432
2562000 0.0177935943
2564500 0.0177935943
2565000 0.0178147268
2567500 0.0178147268
2568000 0.0166270784
2570500 0.0166270784
2571000 0.0130952381
2573500 0.0130952381
2574000 0.0130952381
2576500 0.0130952381
2577000 0.0130952381
2579500 0.0130952381
2580000 0.0130952381
2582500 0.0130952381
2583000 0.0131108462
2585500 0.0131108462
2586000 0.0142687277
2588500 0.0142687277
2589000 0.0119474313
2591500 0.0119474313
2592000 0.0154394299
2594500 0.0154394299
2595000 0.0130952381
2597500 0.0130952381
2598000 0.016646849
2600500 0.016646849
2601000 0.0189798339
2603500 0.0189798339
2604000 0.0177935943
2606500 0.0177935943
2607000 0.0201183432
2609500 0.0201183432
2610000 0.0200945626
2612500 0.0200945626
2613000 0.0200945626
2615500 0.0200945626
2616000 0.0189798339
2618500 0.0189798339
2619000 0.0189798339
2621500 0.0189798339
2622000 0.018957346
2624500 0.018957346
2625000 0.018957346
2627500 0.018957346
2628000 0.0189798339
2630500 0.0189798339
2631000 0.0166666667
2633500 0.0166666667
2634000 0.0131264916
2636500 0.0131264916
2637000 0.0131264916
2639500 0.0131264916
2640000 0.0131108462
2642500 0.0131108462
2643000 0.0154761905
2645500 0.0154761905
2646000 0.0143027414
2648500 0.0143027414
2649000 0.0154761905
2651500 0.0154761905
2652000 0.016646849
2654500 0.016646849
2655000 0.0178359096
2657500 0.0178359096
2658000 0.0178359096
2660500 0.0178359096
2661000 0.0154761905
2663500 0.0154761905
2664000 0.0166865316
2666500 0.0166865316
2667000 0.0166865316
2669500 0.0166865316
2670000 0.0201900238
2672500 0.0201900238
2673000 0.025974026
2675500 0.025974026
2676000 0.025974026
2678500 0.025974026
2679000 0.0271226415
2681500 0.0271226415
2682000 0.024852071
2684500 0.024852071
2685000 0.0236686391
2687500 0.0236686391
2688000 0.0213523132
2690500 0.0213523132
2691000 0.0236686391
2693500 0.0236686391
2694000 0.0225385528
2696500 0.0225385528
2697000 0.0178784267
2699500 0.0178784267
2700000 0.0154946365
2702500 0.0154946365
2703000 0.0166865316
2705500 0.0166865316
2706000 0.0131578947
2708500 0.0131578947
2709000 0.0167064439
2711500 0.0167064439
2712000 0.0178784267
2714500 0.0178784267
2715000 0.0178784267
2717500 0.0178784267
2718000 0.019047619
2720500 0.019047619
2721000 0.0225118483
2723500 0.0225118483
2724000 0.0225385528
2726500 0.0225385528
2727000 0.019047619
2729500 0.019047619
2730000 0.0202140309
2732500 0.0202140309
2733000 0.0190703218
2735500 0.0190703218
2736000 0.0178997613
2738500 0.0178997613
2739000 0.0190703218
2741500 0.0190703218
2742000 0.0190703218
2744500 0.0190703218
2745000 0.021454112
2747500 0.021454112
2748000 0.0237812128
2750500 0.0237812128
2751000 0.0260972716
2753500 0.0260972716
2754000 0.0237812128
2756500 0.0237812128
2757000 0.0249406176
2759500 0.0249406176
2760000 0.0238379023
2762500 0.0238379023
2763000 0.0250297974
2765500 0.0250297974
2766000 0.0238663484
2768500 0.0238663484
2769000 0.0203592814
2771500 0.0203592814
2772000 0.0180288462
2774500 0.0180288462
2775000 0.0168269231
2777500 0.0168269231
2778000 0.015625
2780500 0.015625
2781000 0.015625
2783500 0.015625
2784000 0.00966183575
2786500 0.00966183575
2787000 0.0108695652
2789500 0.0108695652
2790000 0.0144404332
2792500 0.0144404332
2793000 0.0132370638
2795500 0.0132370638
2796000 0.015625
2798500 0.015625
2799000 0.0179856115
2801500 0.0179856115
2802000 0.0191616766
2804500 0.0191616766
2805000 0.0215053763
2807500 0.0215053763
2808000 0.0215053763
2810500 0.0215053763
2811000 0.0238379023
2813500 0.0238379023
2814000 0.022673031
2816500 0.022673031
2817000 0.0191846523
2819500 0.0191846523
2820000 0.0204081633
2822500 0.0204081633
2823000 0.022754491
2825500 0.022754491
2826000 0.0227817746
2828500 0.0227817746
2829000 0.0227817746
2831500 0.0227817746
2832000 0.0216606498
2834500 0.0216606498
2835000 0.0215568862
2837500 0.0215568862
2838000 0.020383693
2840500 0.020383693
2841000 0.022754491
2843500 0.022754491
2844000 0.022754491
2846500 0.022754491
2847000 0.0216086435
2849500 0.0216086435
2850000 0.0204326923
2852500 0.0204326923
2853000 0.0215568862
2855500 0.0215568862
2856000 0.0215827338
2858500 0.0215827338
2859000 0.020383693
2861500 0.020383693
2862000 0.0227272727
2864500 0.0227272727
2865000 0.022754491
2867500 0.022754491
2868000 0.022754491
2870500 0.022754491
2871000 0.019253911
2873500 0.019253911
2874000 0.0216086435
2876500 0.0216086435
2877000 0.0227817746
2879500 0.0227817746
2880000 0.022754491
2882500 0.022754491
2883000 0.0215827338
2885500 0.0215827338
2886000 0.0204326923
2888500 0.0204326923
2889000 0.0192307692
2891500 0.0192307692
2892000 0.020383693
2894500 0.020383693
2895000 0.0238948626
2897500 0.0238948626
2898000 0.0250596659
2900500 0.0250596659
2901000 0.0250297974
2903500 0.0250297974
2904000 0.0192076831
2906500 0.0192076831
2907000 0.0167865707
2909500 0.0167865707
2910000 0.0180072029
2912500 0.0180072029
2913000 0.0203592814
2915500 0.0203592814
2916000 0.020383693
2918500 0.020383693
2919000 0.020383693
2921500 0.020383693
2922000 0.0273809524
2924500 0.0273809524
2925000 0.0273809524
2927500 0.0273809524
2928000 0.0250596659
2930500 0.0250596659
2931000 0.0215053763
2933500 0.0215053763
2934000 0.0180072029
2936500 0.0180072029
2937000 0.0215053763
2939500 0.0215053763
2940000 0.0179856115
2942500 0.0179856115
2943000 0.0144404332
2945500 0.0144404332
2946000 0.0156438026
2948500 0.0156438026
2949000 0.0180072029
2951500 0.0180072029
2952000 0.0168471721
2954500 0.0168471721
2955000 0.0180505415
2957500 0.0180505415
2958000 0.0168878166
2960500 0.0168878166
2961000 0.0168878166
2963500 0.0168878166
2964000 0.0204572804
2966500 0.0204572804
2967000 0.0204572804
2969500 0.0204572804
2970000 0.0192307692
2972500 0.0192307692
2973000 0.0192307692
2975500 0.0192307692
2976000 0.0215827338
2978500 0.0215827338
2979000 0.022754491
2981500 0.022754491
2982000 0.0204819277
2984500 0.0204819277
2985000 0.0145631068
2987500 0.0145631068
2988000 0.0133657351
2990500 0.0133657351
2991000 0.0157384988
2993500 0.0157384988
2994000 0.0168878166
2996500 0.0168878166
2997000 0.0180505415
2999500 0.0180505415
3000000 0.0192307692
3002500 0.0192307692
3003000 0.0216086435
3005500 0.0216086435
3006000 0.0215568862
3008500 0.0215568862
3009000 0.020383693
3011500 0.020383693
3012000 0.0215311005
3014500 0.0215311005
3015000 0.0227001195
3017500 0.0227001195
3018000 0.0203349282
3020500 0.0203349282
3021000 0.022673031
3023500 0.022673031
3024000 0.0215568862
3026500 0.0215568862
3027000 0.0168674699
3029500 0.0168674699
3030000 0.0180505415
3032500 0.0180505415
3033000 0.0192076831
3035500 0.0192076831
3036000 0.0227817746
3038500 0.0227817746
3039000 0.0228091236
3041500 0.0228091236
3042000 0.0216346154
3044500 0.0216346154
3045000 0.0228091236
3047500 0.0228091236
3048000 0.0240096038
3050500 0.0240096038
3051000 0.0263157895
3053500 0.0263157895
3054000 0.0251497006
3056500 0.0251497006
3057000 0.0216086435
3059500 0.0216086435
3060000 0.0216346154
3062500 0.0216346154
3063000 0.0192771084
3065500 0.0192771084
3066000 0.0215827338
3068500 0.0215827338
3069000 0.0204081633
3071500 0.0204081633
3072000 0.0180288462
3074500 0.0180288462
3075000 0.0204572804
3077500 0.0204572804
3078000 0.0192771084
3080500 0.0192771084
3081000 0.0180722892
3083500 0.0180722892
3084000 0.0157004831
3086500 0.0157004831
3087000 0.0168878166
3089500 0.0168878166
3090000 0.0144927536
3092500 0.0144927536
3093000 0.0144752714
3095500 0.0144752714
3096000 0.0133010883
3098500 0.0133010883
3099000 0.0168878166
3101500 0.0168878166
3102000 0.0216606498
3104500 0.0216606498
3105000 0.0204819277
3107500 0.0204819277
3108000 0.0216606498
3110500 0.0216606498
3111000 0.0240096038
3113500 0.0240096038
3114000 0.0275779376
3116500 0.0275779376
3117000 0.0252403846
3119500 0.0252403846
3120000 0.0252403846
3122500 0.0252403846
3123000 0.0217129071
3125500 0.0217129071
3126000 0.018115942
3128500 0.018115942
3129000 0.0169286578
3131500 0.0169286578
3132000 0.0180940893
3134500 0.0180940893
3135000 0.019253911
3137500 0.019253911
3138000 0.0192307692
3140500 0.0192307692
3141000 0.019253911
3143500 0.019253911
3144000 0.0216346154
3146500 0.0216346154
3147000 0.0180940893
3149500 0.0180940893
3150000 0.0192771084
3152500 0.0192771084
3153000 0.0169082126
3155500 0.0169082126
3156000 0.0169082126
3158500 0.0169082126
3159000 0.0169082126
3161500 0.0169082126
3162000 0.0228915663
3164500 0.0228915663
3165000 0.0240673887
3167500 0.0240673887
3168000 0.0252403846
3170500 0.0252403846
3171000 0.0252403846
3173500 0.0252403846
3174000 0.0252707581
3176500 0.0252707581
3177000 0.0264105642
3179500 0.0264105642
3180000 0.0228640193
3182500 0.0228640193
3183000 0.0193236715
3185500 0.0193236715
3186000 0.0181378476
3188500 0.0181378476
3189000 0.0181378476
3191500 0.0181378476
3192000 0.0169491525
3194500 0.0169491525
3195000 0.0205066345
3197500 0.0205066345
3198000 0.0204572804
3200500 0.0204572804
3201000 0.0263157895
3203500 0.0263157895
3204000 0.030952381
3206500 0.030952381
3207000 0.0309155767
3209500 0.0309155767
3210000 0.0274463007
3212500 0.0274463007
3213000 0.0239520958
3215500 0.0239520958
3216000 0.0251196172
3218500 0.0251196172
3219000 0.0251497006
3221500 0.0251497006
3222000 0.0239808153
3224500 0.0239808153
3225000 0.0238948626
3227500 0.0238948626
3228000 0.022754491
3230500 0.022754491
3231000 0.022754491
3233500 0.022754491
3234000 0.022754491
3236500 0.022754491
3237000 0.0227272727
3239500 0.0227272727
3240000 0.0238948626
3242500 0.0238948626
3243000 0.0238948626
3245500 0.0238948626
3246000 0.022754491
3248500 0.022754491
3249000 0.0216086435
3251500 0.0216086435
3252000 0.0227817746
3254500 0.0227817746
3255000 0.0180722892
3257500 0.0180722892
3258000 0.0192307692
3260500 0.0192307692
3261000 0.0204081633
3263500 0.0204081633
3264000 0.0192307692
3266500 0.0192307692
3267000 0.0180288462
3269500 0.0180288462
3270000 0.0133171913
3272500 0.0133171913
3273000 0.015719468
3275500 0.015719468
3276000 0.0192771084
3278500 0.0192771084
3279000 0.0192771084
3281500 0.0192771084
3282000 0.0180722892
3284500 0.0180722892
3285000 0.0215827338
3287500 0.0215827338
3288000 0.0168878166
3290500 0.0168878166
3291000 0.0157384988
3293500 0.0157384988
3294000 0.018115942
3296500 0.018115942
3297000 0.0193003619
3299500 0.0193003619
3300000 0.018115942
3302500 0.018115942
3303000 0.0205066345
3305500 0.0205066345
3306000 0.0240384615
3308500 0.0240384615
3309000 0.0228640193
3311500 0.0228640193
3312000 0.0204819277
3314500 0.0204819277
3315000 0.0192771084
3317500 0.0192771084
3318000 0.0240096038
3320500 0.0240096038
3321000 0.0240096038
3323500 0.0240096038
3324000 0.0240096038
3326500 0.0240096038
3327000 0.0216346154
3329500 0.0216346154
3330000 0.0193003619
3332500 0.0193003619
3333000 0.018115942
3335500 0.018115942
3336000 0.0229191797
3338500 0.0229191797
3339000 0.0205562273
3341500 0.0205562273
3342000 0.0181818182
3344500 0.0181818182
3345000 0.0205562273
3347500 0.0205562273
3348000 0.0217391304
3350500 0.0217391304
3351000 0.0193470375
3353500 0.0193470375
3354000 0.0181598063
3356500 0.0181598063
3357000 0.0193470375
3359500 0.0193470375
3360000 0.0228915663
3362500 0.0228915663
3363000 0.0181818182
3365500 0.0181818182
3366000 0.0194174757
3368500 0.0194174757
3369000 0.0194410693
3371500 0.0194410693
3372000 0.0218181818
3374500 0.0218181818
3375000 0.0218181818
3377500 0.0218181818
3378000 0.0218181818
3380500 0.0218181818
3381000 0.0230024213
3383500 0.0230024213
3384000 0.0218181818
3386500 0.0218181818
3387000 0.023030303
3389500 0.023030303
3390000 0.0230024213
3392500 0.0230024213
3393000 0.0218181818
3395500 0.0218181818
3396000 0.0206060606
3398500 0.0206060606
3399000 0.0194174757
3401500 0.0194174757
3402000 0.0170109356
3404500 0.0170109356
3405000 0.0157958688
3407500 0.0157958688
3408000 0.0181598063
3410500 0.0181598063
3411000 0.0217391304
3413500 0.0217391304
3414000 0.01937046
3416500 0.01937046
3417000 0.0194410693
3419500 0.0194410693
3420000 0.022974607
3422500 0.022974607
3423000 0.0241545894
3425500 0.0241545894
3426000 0.0230024213
3428500 0.0230024213
3429000 0.0242130751
3431500 0.0242130751
3432000 0.0253929867
3434500 0.0253929867
3435000 0.0277108434
3437500 0.0277108434
3438000 0.0323741007
3440500 0.0323741007
3441000 0.0299760192
3443500 0.0299760192
3444000 0.0300120048
3446500 0.0300120048
3447000 0.0288461538
3449500 0.0288461538
3450000 0.0288461538
3452500 0.0288461538
3453000 0.0265379976
3455500 0.0265379976
3456000 0.0265379976
3458500 0.0265379976
3459000 0.0266021765
3461500 0.0266021765
3462000 0.0312876053
3464500 0.0312876053
3465000 0.0277777778
3467500 0.0277777778
3468000 0.0266021765
3470500 0.0266021765
3471000 0.0242130751
3473500 0.0242130751
3474000 0.0230862697
3476500 0.0230862697
3477000 0.0242718447
3479500 0.0242718447
3480000 0.0230862697
3482500 0.0230862697
3483000 0.0242424242
3485500 0.0242424242
3486000 0.0266021765
3488500 0.0266021765
3489000 0.0242424242
3491500 0.0242424242
3492000 0.0266021765
3494500 0.0266021765
3495000 0.0206561361
3497500 0.0206561361
3498000 0.023030303
3500500 0.023030303
3501000 0.0218712029
3503500 0.0218712029
3504000 0.0194647202
3506500 0.0194647202
3507000 0.0182926829
3509500 0.0182926829
3510000 0.0207064555
3512500 0.0207064555
3513000 0.0206812652
3515500 0.0206812652
3516000 0.020631068
3518500 0.020631068
3519000 0.0182704019
3521500 0.0182704019
3522000 0.0206561361
3524500 0.0206561361
3525000 0.0218712029
3527500 0.0218712029
3528000 0.0242424242
3530500 0.0242424242
3531000 0.0254545455
3533500 0.0254545455
3534000 0.0242130751
3536500 0.0242130751
3537000 0.0253623188
3539500 0.0253623188
3540000 0.027677497
3542500 0.027677497
3543000 0.0242130751
3545500 0.0242130751
3546000 0.023030303
3548500 0.023030303
3549000 0.0230582524
3551500 0.0230582524
3552000 0.023030303
3554500 0.023030303
3555000 0.0265379976
3557500 0.0265379976
3558000 0.0277108434
3560500 0.0277108434
3561000 0.027677497
3563500 0.027677497
3564000 0.0264741276
3566500 0.0264741276
3567000 0.0299760192
3569500 0.0299760192
3570000 0.0288115246
3572500 0.0288115246
3573000 0.0299760192
3575500 0.0299760192
3576000 0.0264423077
3578500 0.0264423077
3579000 0.0264105642
3581500 0.0264105642
3582000 0.0264105642
3584500 0.0264105642
3585000 0.0240963855
3587500 0.0240963855
3588000 0.0205562273
3590500 0.0205562273
3591000 0.0169902913
3593500 0.0169902913
3594000 0.0169286578
3596500 0.0169286578
3597000 0.0157384988
3599500 0.0157384988
3600000 0.0193003619
3602500 0.0193003619
3603000 0.0193003619
3605500 0.0193003619
3606000 0.0204819277
3608500 0.0204819277
3609000 0.0204819277
3611500 0.0204819277
3612000 0.0205066345
3614500 0.0205066345
3615000 0.0228915663
3617500 0.0228915663
3618000 0.0252403846
3620500 0.0252403846
3621000 0.0217129071
3623500 0.0217129071
3624000 0.0252707581
3626500 0.0252707581
3627000 0.0217391304
3629500 0.0217391304
3630000 0.015776699
3632500 0.015776699
3633000 0.0169902913
3635500 0.0169902913
3636000 0.015776699
3638500 0.015776699
3639000 0.015776699
3641500 0.015776699
3642000 0.0169902913
3644500 0.0169902913
3645000 0.016969697
3647500 0.016969697
3648000 0.0181598063
3650500 0.0181598063
3651000 0.0228915663
3653500 0.0228915663
3654000 0.0228915663
3656500 0.0228915663
3657000 0.0217129071
3659500 0.0217129071
3660000 0.0228640193
3662500 0.0228640193
3663000 0.0217129071
3665500 0.0217129071
3666000 0.0193003619
3668500 0.0193003619
3669000 0.0193003619
3671500 0.0193003619
3672000 0.0228365385
3674500 0.0228365385
3675000 0.0228091236
3677500 0.0228091236
3678000 0.0239808153
3680500 0.0239808153
3681000 0.0251196172
3683500 0.0251196172
3684000 0.0251196172
3686500 0.0251196172
3687000 0.0263473054
3689500 0.0263473054
3690000 0.028708134
3692500 0.028708134
3693000 0.025210084
3695500 0.025210084
3696000 0.021686747
3698500 0.021686747
3699000 0.0193003619
3701500 0.0193003619
3702000 0.0204819277
3704500 0.0204819277
3705000 0.021686747
3707500 0.021686747
3708000 0.021686747
3710500 0.021686747
3711000 0.021686747
3713500 0.021686747
3714000 0.0216606498
3716500 0.0216606498
3717000 0.0240096038
3719500 0.0240096038
3720000 0.0275119617
3722500 0.0275119617
3723000 0.0204572804
3725500 0.0204572804
3726000 0.0251497006
3728500 0.0251497006
3729000 0.0251497006
3731500 0.0251497006
3732000 0.0240096038
3734500 0.0240096038
3735000 0.0228365385
3737500 0.0228365385
3738000 0.0216606498
3740500 0.0216606498
3741000 0.0239808153
3743500 0.0239808153
3744000 0.0251497006
3746500 0.0251497006
3747000 0.0263157895
3749500 0.0263157895
3750000 0.0240096038
3752500 0.0240096038
3753000 0.0240096038
3755500 0.0240096038
3756000 0.0240096038
3758500 0.0240096038
3759000 0.0263788969
3761500 0.0263788969
3762000 0.0239520958
3764500 0.0239520958
3765000 0.022754491
3767500 0.022754491
3768000 0.0215568862
3770500 0.0215568862
3771000 0.0180072029
3773500 0.0180072029
3774000 0.015625
3776500 0.015625
3777000 0.0179640719
3779500 0.0179640719
3780000 0.0179856115
3782500 0.0179856115
3783000 0.0179856115
3785500 0.0179856115
3786000 0.0120481928
3788500 0.0120481928
3789000 0.0132052821
3791500 0.0132052821
3792000 0.0155688623
3794500 0.0155688623
3795000 0.017921147
3797500 0.017921147
3798000 0.0167664671
3800500 0.0167664671
3801000 0.0167664671
3803500 0.0167664671
3804000 0.0179425837
3806500 0.0179425837
3807000 0.0167264038
3809500 0.0167264038
3810000 0.0131894484
3812500 0.0131894484
3813000 0.0132052821
3815500 0.0132052821
3816000 0.0144230769
3818500 0.0144230769
3819000 0.00967351874
3821500 0.00967351874
3822000 0.00847457627
3824500 0.00847457627
3825000 0.0084643289
3827500 0.0084643289
3828000 0.0084643289
3830500 0.0084643289
3831000 0.00967351874
3833500 0.00967351874
3834000 0.0108695652
3836500 0.0108695652
3837000 0.0132689988
3839500 0.0132689988
3840000 0.0156626506
3842500 0.0156626506
3843000 0.0156438026
3845500 0.0156438026
3846000 0.0180288462
3848500 0.0180288462
3849000 0.0192307692
3851500 0.0192307692
3852000 0.0191846523
3854500 0.0191846523
3855000 0.0191846523
3857500 0.0191846523
3858000 0.0168674699
3860500 0.0168674699
3861000 0.0168269231
3863500 0.0168269231
3864000 0.0168674699
3866500 0.0168674699
3867000 0.0168674699
3869500 0.0168674699
3870000 0.0239808153
3872500 0.0239808153
3873000 0.0193003619
3875500 0.0193003619
3876000 0.0240096038
3878500 0.0240096038
3879000 0.025210084
3881500 0.025210084
3882000 0.0240096038
3884500 0.0240096038
3885000 0.0240384615
3887500 0.0240384615
3888000 0.0240096038
3890500 0.0240096038
3891000 0.0239808153
3893500 0.0239808153
3894000 0.0251497006
3896500 0.0251497006
3897000 0.0263788969
3899500 0.0263788969
3900000 0.0239808153
3902500 0.0239808153
3903000 0.023923445
3905500 0.023923445
3906000 0.0238948626
3908500 0.0238948626
3909000 0.0262216925
3911500 0.0262216925
3912000 0.0261904762
3914500 0.0261904762
3915000 0.0238663484
3917500 0.0238663484
3918000 0.025
3920500 0.025
3921000 0.0249702735
3923500 0.0249702735
3924000 0.026128266
3926500 0.026128266
3927000 0.0272511848
3929500 0.0272511848
3930000 0.021454112
3932500 0.021454112
3933000 0.019138756
3935500 0.019138756
3936000 0.0167865707
3938500 0.0167865707
3939000 0.0144404332
3941500 0.0144404332
3942000 0.0191846523
3944500 0.0191846523
3945000 0.0180072029
3947500 0.0180072029
3948000 0.0215568862
3950500 0.0215568862
3951000 0.020383693
3953500 0.020383693
3954000 0.0215311005
3956500 0.0215311005
3957000 0.0227272727
3959500 0.0227272727
3960000 0.0215827338
3962500 0.0215827338
3963000 0.0250896057
3965500 0.0250896057
3966000 0.0250596659
3968500 0.0250596659
3969000 0.0215568862
3971500 0.0215568862
3972000 0.0215311005
3974500 0.0215311005
3975000 0.0238663484
3977500 0.0238663484
3978000 0.0250596659
3980500 0.0250596659
3981000 0.0215053763
3983500 0.0215053763
3984000 0.0203592814
3986500 0.0203592814
3987000 0.0227001195
3989500 0.0227001195
3990000 0.020383693
3992500 0.020383693
3993000 0.0215568862
3995500 0.0215568862
3996000 0.022754491
3998500 0.022754491
3999000 0.0250896057
4001500 0.0250896057
4002000 0.0215827338
4004500 0.0215827338
4005000 0.0215568862
4007500 0.0215568862
4008000 0.020383693
4010500 0.020383693
4011000 0.0192076831
4013500 0.0192076831
4014000 0.0192076831
4016500 0.0192076831
4017000 0.0227272727
4019500 0.0227272727
4020000 0.020383693
4022500 0.020383693
4023000 0.0238379023
4025500 0.0238379023
4026000 0.021454112
4028500 0.021454112
4029000 0.0225921522
4031500 0.0225921522
4032000 0.0190703218
4034500 0.0190703218
4035000 0.017921147
4037500 0.017921147
4038000 0.0167064439
4040500 0.0167064439
4041000 0.0178784267
4043500 0.0178784267
4044000 0.019047619
4046500 0.019047619
4047000 0.0190703218
4049500 0.0190703218
4050000 0.017921147
4052500 0.017921147
4053000 0.0167464115
4055500 0.0167464115
4056000 0.017921147
4058500 0.017921147
4059000 0.0178997613
4061500 0.0178997613
4062000 0.0190703218
4064500 0.0190703218
4065000 0.0178359096
4067500 0.0178359096
4068000 0.0178359096
4070500 0.0178359096
4071000 0.0178359096
4073500 0.0178359096
4074000 0.016646849
4076500 0.016646849
4077000 0.0154946365
4079500 0.0154946365
4080000 0.0167064439
4082500 0.0167064439
4083000 0.0143712575
4085500 0.0143712575
4086000 0.0143712575
4088500 0.0143712575
4089000 0.0155316607
4091500 0.0155316607
4092000 0.0178571429
4094500 0.0178571429
4095000 0.0143369176
4097500 0.0143369176
4098000 0.0143198091
4100500 0.0143198091
4101000 0.0166865316
4103500 0.0166865316
4104000 0.0178571429
4106500 0.0178571429
4107000 0.0178359096
4109500 0.0178359096
4110000 0.0166666667
4112500 0.0166666667
4113000 0.0178359096
4115500 0.0178359096
4116000 0.0154761905
4118500 0.0154761905
4119000 0.0177935943
4121500 0.0177935943
4122000 0.0154577883
4124500 0.0154577883
4125000 0.0177935943
4127500 0.0177935943
4128000 0.0177935943
4130500 0.0177935943
4131000 0.0177935943
4133500 0.0177935943
4134000 0.0201183432
4136500 0.0201183432
4137000 0.0201660735
4139500 0.0201660735
4140000 0.0213270142
4142500 0.0213270142
4143000 0.0213523132
4145500 0.0213523132
4146000 0.0225385528
4148500 0.0225385528
4149000 0.0202140309
4151500 0.0202140309
4152000 0.0201900238
4154500 0.0201900238
4155000 0.0178359096
4157500 0.0178359096
4158000 0.0178147268
4160500 0.0178147268
4161000 0.0178359096
4163500 0.0178359096
4164000 0.0213270142
4166500 0.0213270142
4167000 0.0202140309
4169500 0.0202140309
4170000 0.0237529691
4172500 0.0237529691
4173000 0.0237247924
4175500 0.0237247924
4176000 0.0237529691
4178500 0.0237529691
4179000 0.024911032
4181500 0.024911032
4182000 0.024911032
4184500 0.024911032
4185000 0.0237247924
4187500 0.0237247924
4188000 0.0237247924
4190500 0.0237247924
4191000 0.0271867612
4193500 0.0271867612
4194000 0.026035503
4196500 0.026035503
4197000 0.0271867612
4199500 0.0271867612
4200000 0.0225653207
4202500 0.0225653207
4203000 0.0190703218
4205500 0.0190703218
4206000 0.0167264038
4208500 0.0167264038
4209000 0.0178997613
4211500 0.0178997613
4212000 0.0167464115
4214500 0.0167464115
4215000 0.0202863962
4217500 0.0202863962
4218000 0.021454112
4220500 0.021454112
4221000 0.0237529691
4223500 0.0237529691
4224000 0.0225385528
4226500 0.0225385528
4227000 0.0225385528
4229500 0.0225385528
4230000 0.0213776722
4232500 0.0213776722
4233000 0.0202140309
4235500 0.0202140309
4236000 0.0178784267
4238500 0.0178784267
4239000 0.0155316607
4241500 0.0155316607
4242000 0.0190249703
4244500 0.0190249703
4245000 0.0190249703
4247500 0.0190249703
4248000 0.0167064439
4250500 0.0167064439
4251000 0.0167264038
4253500 0.0167264038
4254000 0.0178997613
4256500 0.0178997613
4257000 0.0167264038
4259500 0.0167264038
4260000 0.0167264038
4262500 0.0167264038
4263000 0.0167064439
4265500 0.0167064439
4266000 0.019047619
4268500 0.019047619
4269000 0.0202140309
4271500 0.0202140309
4272000 0.0178784267
4274500 0.0178784267
4275000 0.0178571429
4277500 0.0178571429
4278000 0.0190023753
4280500 0.0190023753
4281000 0.0155316607
4283500 0.0155316607
4284000 0.0166666667
4286500 0.0166666667
4287000 0.0166270784
4289500 0.0166270784
4290000 0.0143027414
4292500 0.0143027414
4293000 0.0143369176
4295500 0.0143369176
4296000 0.0119904077
4298500 0.0119904077
4299000 0.0131736527
4301500 0.0131736527
4302000 0.0119904077
4304500 0.0119904077
4305000 0.00960384154
4307500 0.00960384154
4308000 0.0143027414
4310500 0.0143027414
4311000 0.0131421744
4313500 0.0131421744
4314000 0.0143198091
4316500 0.0143198091
4317000 0.0166666667
4319500 0.0166666667
4320000 0.0154946365
4322500 0.0154946365
4323000 0.0166666667
4325500 0.0166666667
4326000 0.0166865316
4328500 0.0166865316
4329000 0.0143198091
4331500 0.0143198091
4332000 0.0120192308
4334500 0.0120192308
4335000 0.0143712575
4337500 0.0143712575
4338000 0.0167064439
4340500 0.0167064439
4341000 0.0178571429
4343500 0.0178571429
4344000 0.0201900238
4346500 0.0201900238
4347000 0.0190023753
4349500 0.0190023753
4350000 0.0178571429
4352500 0.0178571429
4353000 0.0167064439
4355500 0.0167064439
4356000 0.0178571429
4358500 0.0178571429
4359000 0.0155131265
4361500 0.0155131265
4362000 0.0119760479
4364500 0.0119760479
4365000 0.0119760479
4367500 0.0119760479
4368000 0.0119617225
4370500 0.0119617225
4371000 0.0131578947
4373500 0.0131578947
4374000 0.0154946365
4376500 0.0154946365
4377000 0.0190249703
4379500 0.0190249703
4380000 0.0190249703
4382500 0.0190249703
4383000 0.0155131265
4385500 0.0155131265
4386000 0.0190249703
4388500 0.0190249703
4389000 0.0190249703
4391500 0.0190249703
4392000 0.0190703218
4394500 0.0190703218
4395000 0.0178784267
4397500 0.0178784267
4398000 0.0202140309
4400500 0.0202140309
4401000 0.0225653207
4403500 0.0225653207
4404000 0.0190930788
4406500 0.0190930788
4407000 0.021454112
4409500 0.021454112
4410000 0.0179425837
4412500 0.0179425837
4413000 0.0179425837
4415500 0.0179425837
4416000 0.0167664671
4418500 0.0167664671
4419000 0.0214285714
4421500 0.0214285714
4422000 0.0237529691
4424500 0.0237529691
4425000 0.0190930788
4427500 0.0190930788
4428000 0.0167464115
4430500 0.0167464115
4431000 0.021454112
4433500 0.021454112
4434000 0.023923445
4436500 0.023923445
4437000 0.0227001195
4439500 0.0227001195
4440000 0.0180072029
4442500 0.0180072029
4443000 0.0203349282
4445500 0.0203349282
4446000 0.0203592814
4448500 0.0203592814
4449000 0.0203349282
4451500 0.0203349282
4452000 0.0238663484
4454500 0.0238663484
4455000 0.0215568862
4457500 0.0215568862
4458000 0.0203592814
4460500 0.0203592814
4461000 0.0250297974
4463500 0.0250297974
4464000 0.0215568862
4466500 0.0215568862
4467000 0.0215568862
4469500 0.0215568862
4470000 0.0227272727
4472500 0.0227272727
4473000 0.0227272727
4475500 0.0227272727
4476000 0.0204326923
4478500 0.0204326923
4479000 0.0239520958
4481500 0.0239520958
4482000 0.022754491
4484500 0.022754491
4485000 0.0227817746
4487500 0.0227817746
4488000 0.0227272727
4490500 0.0227272727
4491000 0.022754491
4493500 0.022754491
4494000 0.0239808153
4496500 0.0239808153
4497000 0.0251497006
4499500 0.0251497006
4500000 0.0274463007
4502500 0.0274463007
4503000 0.0262843489
4505500 0.0262843489
4506000 0.0275119617
4508500 0.0275119617
4509000 0.028742515
4511500 0.028742515
4512000 0.0264105642
4514500 0.0264105642
4515000 0.0264105642
4517500 0.0264105642
4518000 0.0264105642
4520500 0.0264105642
4521000 0.0229191797
4523500 0.0229191797
4524000 0.0229191797
4526500 0.0229191797
4527000 0.0205811138
4529500 0.0205811138
4530000 0.0181818182
4532500 0.0181818182
4533000 0.0252707581
4535500 0.0252707581
4536000 0.0205562273
4538500 0.0205562273
4539000 0.0253012048
4541500 0.0253012048
4542000 0.0241254524
4544500 0.0241254524
4545000 0.0253012048
4547500 0.0253012048
4548000 0.0253012048
4550500 0.0253012048
4551000 0.0240963855
4553500 0.0240963855
4554000 0.0240673887
4556500 0.0240673887
4557000 0.0228915663
4559500 0.0228915663
4560000 0.0240673887
4562500 0.0240673887
4563000 0.0240673887
4565500 0.0240673887
4566000 0.0228640193
4568500 0.0228640193
4569000 0.0228640193
4571500 0.0228640193
4572000 0.0240096038
4574500 0.0240096038
4575000 0.0240384615
4577500 0.0240384615
4578000 0.0217391304
4580500 0.0217391304
4581000 0.0264741276
4583500 0.0264741276
4584000 0.0240673887
4586500 0.0240673887
4587000 0.028742515
4589500 0.028742515
4590000 0.0275449102
4592500 0.0275449102
4593000 0.0252403846
4595500 0.0252403846
4596000 0.025210084
4598500 0.025210084
4599000 0.0310633214
4601500 0.0310633214
4602000 0.0275779376
4604500 0.0275779376
4605000 0.0288115246
4607500 0.0288115246
4608000 0.0276110444
4610500 0.0276110444
4611000 0.0264423077
4613500 0.0264423077
4614000 0.0263788969
4616500 0.0263788969
4617000 0.0264105642
4619500 0.0264105642
4620000 0.0263788969
4622500 0.0263788969
4623000 0.0204819277
4625500 0.0204819277
4626000 0.0193003619
4628500 0.0193003619
4629000 0.0239808153
4631500 0.0239808153
4632000 0.0216346154
4634500 0.0216346154
4635000 0.019253911
4637500 0.019253911
4638000 0.023923445
4640500 0.023923445
4641000 0.0192307692
4643500 0.0192307692
4644000 0.0204081633
4646500 0.0204081633
4647000 0.0204326923
4649500 0.0204326923
4650000 0.0204326923
4652500 0.0204326923
4653000 0.0216086435
4655500 0.0216086435
4656000 0.0204572804
4658500 0.0204572804
4659000 0.025210084
4661500 0.025210084
4662000 0.0217129071
4664500 0.0217129071
4665000 0.0193236715
4667500 0.0193236715
4668000 0.0181378476
4670500 0.0181378476
4671000 0.0169491525
4673500 0.0169491525
4674000 0.0193003619
4676500 0.0193003619
4677000 0.0193003619
4679500 0.0193003619
4680000 0.0169082126
4682500 0.0169082126
4683000 0.015776699
4685500 0.015776699
4686000 0.0205562273
4688500 0.0205562273
4689000 0.0229468599
4691500 0.0229468599
4692000 0.0158150852
4694500 0.0158150852
4695000 0.0145985401
4697500 0.0145985401
4698000 0.0157958688
4700500 0.0157958688
4701000 0.0157958688
4703500 0.0157958688
4704000 0.015776699
4706500 0.015776699
4707000 0.016969697
4709500 0.016969697
4710000 0.0228915663
4712500 0.0228915663
4713000 0.0228915663
4715500 0.0228915663
4716000 0.0193470375
4718500 0.0193470375
4719000 0.020531401
4721500 0.020531401
4722000 0.0193470375
4724500 0.0193470375
4725000 0.0205811138
4727500 0.0205811138
4728000 0.0205811138
4730500 0.0205811138
4731000 0.0217391304
4733500 0.0217391304
4734000 0.0229468599
4736500 0.0229468599
4737000 0.0276442308
4739500 0.0276442308
4740000 0.0265060241
4742500 0.0265060241
4743000 0.0229468599
4745500 0.0229468599
4746000 0.0217391304
4748500 0.0217391304
4749000 0.01937046
4751500 0.01937046
4752000 0.0205562273
4754500 0.0205562273
4755000 0.0181598063
4757500 0.0181598063
4758000 0.0205562273
4760500 0.0205562273
4761000 0.01937046
4763500 0.01937046
4764000 0.0194174757
4766500 0.0194174757
4767000 0.0182260024
4769500 0.0182260024
4770000 0.0217654172
4772500 0.0217654172
4773000 0.0217391304
4775500 0.0217391304
4776000 0.0205562273
4778500 0.0205562273
4779000 0.0240963855
4781500 0.0240963855
4782000 0.0205066345
4784500 0.0205066345
4785000 0.0181378476
4787500 0.0181378476
4788000 0.0157384988
4790500 0.0157384988
4791000 0.0168674699
4793500 0.0168674699
4794000 0.0168471721
4796500 0.0168471721
4797000 0.0168269231
4799500 0.0168269231
4800000 0.0168471721
4802500 0.0168471721
4803000 0.019138756
4805500 0.019138756
4806000 0.0215053763
4808500 0.0215053763
4809000 0.0238379023
4811500 0.0238379023
4812000 0.022673031
4814500 0.022673031
4815000 0.0203349282
4817500 0.0203349282
4818000 0.021454112
4820500 0.021454112
4821000 0.0238095238
4823500 0.0238095238
4824000 0.022673031
4826500 0.022673031
4827000 0.0238095238
4829500 0.0238095238
4830000 0.0226190476
4832500 0.0226190476
4833000 0.0191158901
4835500 0.0191158901
4836000 0.019138756
4838500 0.019138756
4839000 0.0191616766
4841500 0.0191616766
4842000 0.020383693
4844500 0.020383693
4845000 0.0192076831
4847500 0.0192076831
4848000 0.0192076831
4850500 0.0192076831
4851000 0.0215568862
4853500 0.0215568862
4854000 0.0227272727
4856500 0.0227272727
4857000 0.020383693
4859500 0.020383693
4860000 0.0192076831
4862500 0.0192076831
4863000 0.0180505415
4865500 0.0180505415
4866000 0.0168674699
4868500 0.0168674699
4869000 0.0144752714
4871500 0.0144752714
4872000 0.0132689988
4874500 0.0132689988
4875000 0.0145102781
4877500 0.0145102781
4878000 0.0133010883
4880500 0.0133010883
4881000 0.015681544
4883500 0.015681544
4884000 0.0168471721
4886500 0.0168471721
4887000 0.0168674699
4889500 0.0168674699
4890000 0.0168674699
4892500 0.0168674699
4893000 0.0180505415
4895500 0.0180505415
4896000 0.020383693
4898500 0.020383693
4899000 0.0180505415
4901500 0.0180505415
4902000 0.019253911
4904500 0.019253911
4905000 0.0192771084
4907500 0.0192771084
4908000 0.0227817746
4910500 0.0227817746
4911000 0.0227817746
4913500 0.0227817746
4914000 0.0216086435
4916500 0.0216086435
4917000 0.0168878166
4919500 0.0168878166
4920000 0.0168878166
4922500 0.0168878166
4923000 0.0180722892
4925500 0.0180722892
4926000 0.019253911
4928500 0.019253911
4929000 0.0192307692
4931500 0.0192307692
4932000 0.0215827338
4934500 0.0215827338
4935000 0.0262216925
4937500 0.0262216925
4938000 0.0285714286
4940500 0.0285714286
4941000 0.0250896057
4943500 0.0250896057
4944000 0.0227272727
4946500 0.0227272727
4947000 0.0203349282
4949500 0.0203349282
4950000 0.025
4952500 0.025
4953000 0.026128266
4955500 0.026128266
4956000 0.0272835113
4958500 0.0272835113
4959000 0.0272835113
4961500 0.0272835113
4962000 0.0284697509
4964500 0.0284697509
4965000 0.0261593341
4967500 0.0261593341
4968000 0.0238948626
4970500 0.0238948626
4971000 0.0238948626
4973500 0.0238948626
4974000 0.020383693
4976500 0.020383693
4977000 0.0215568862
4979500 0.0215568862
4980000 0.0227272727
4982500 0.0227272727
4983000 0.0192307692
4985500 0.0192307692
4986000 0.0216086435
4988500 0.0216086435
4989000 0.0204572804
4991500 0.0204572804
4992000 0.0192771084
4994500 0.0192771084
4995000 0.0157004831
4997500 0.0157004831
4998000 0.0144752714
5000500 0.0144752714
5001000 0.0144752714
5003500 0.0144752714
5004000 0.0132850242
5006500 0.0132850242
5007000 0.0156626506
5009500 0.0156626506
5010000 0.0168471721
5012500 0.0168471721
5013000 0.0168471721
5015500 0.0168471721
5016000 0.0215568862
5018500 0.0215568862
5019000 0.020383693
5021500 0.020383693
5022000 0.0192307692
5024500 0.0192307692
5025000 0.0168878166
5027500 0.0168878166
5028000 0.0109090909
5030500 0.0109090909
5031000 0.0132850242
5033500 0.0132850242
5034000 0.0133010883
5036500 0.0133010883
5037000 0.0109090909
5039500 0.0109090909
5040000 0.0133010883
5042500 0.0133010883
5043000 0.0109223301
5045500 0.0109223301
5046000 0.0145102781
5048500 0.0145102781
5049000 0.0168878166
5051500 0.0168878166
5052000 0.0180722892
5054500 0.0180722892
5055000 0.019253911
5057500 0.019253911
5058000 0.0192307692
5060500 0.0192307692
5061000 0.020383693
5063500 0.020383693
5064000 0.0168471721
5066500 0.0168471721
5067000 0.0215311005
5069500 0.0215311005
5070000 0.022673031
5072500 0.022673031
5073000 0.0192076831
5075500 0.0192076831
5076000 0.0168269231
5078500 0.0168269231
5079000 0.0180288462
5081500 0.0180288462
5082000 0.0179856115
5084500 0.0179856115
5085000 0.0191846523
5087500 0.0191846523
5088000 0.0168067227
5090500 0.0168067227
5091000 0.0168067227
5093500 0.0168067227
5094000 0.0168067227
5096500 0.0168067227
5097000 0.020383693
5099500 0.020383693
5100000 0.0204081633
5102500 0.0204081633
5103000 0.0215311005
5105500 0.0215311005
5106000 0.0215568862
5108500 0.0215568862
5109000 0.0204081633
5111500 0.0204081633
5112000 0.0215827338
5114500 0.0215827338
5115000 0.0204081633
5117500 0.0204081633
5118000 0.0215827338
5120500 0.0215827338
5121000 0.0215827338
5123500 0.0215827338
5124000 0.0192076831
5126500 0.0192076831
5127000 0.019253911
5129500 0.019253911
5130000 0.0204326923
5132500 0.0204326923
5133000 0.0262843489
5135500 0.0262843489
5136000 0.0251196172
5138500 0.0251196172
5139000 0.0286054827
5141500 0.0286054827
5142000 0.0227817746
5144500 0.0227817746
5145000 0.0227817746
5147500 0.0227817746
5148000 0.0239520958
5150500 0.0239520958
5151000 0.0215827338
5153500 0.0215827338
5154000 0.022754491
5156500 0.022754491
5157000 0.023923445
5159500 0.023923445
5160000 0.023923445
5162500 0.023923445
5163000 0.0203592814
5165500 0.0203592814
5166000 0.0227001195
5168500 0.0227001195
5169000 0.0204081633
5171500 0.0204081633
5172000 0.0192307692
5174500 0.0192307692
5175000 0.0168269231
5177500 0.0168269231
5178000 0.0132689988
5180500 0.0132689988
5181000 0.0156626506
5183500 0.0156626506
5184000 0.0168269231
5186500 0.0168269231
5187000 0.0144230769
5189500 0.0144230769
5190000 0.0167865707
5192500 0.0167865707
5193000 0.0167865707
5195500 0.0167865707
5196000 0.01558753
5198500 0.01558753
5199000 0.01558753
5201500 0.01558753
5202000 0.0132211538
5204500 0.0132211538
5205000 0.0144230769
5207500 0.0144230769
5208000 0.0144057623
5210500 0.0144057623
5211000 0.0144057623
5213500 0.0144057623
5214000 0.0202863962
5216500 0.0202863962
5217000 0.0167664671
5219500 0.0167664671
5220000 0.0179640719
5222500 0.0179640719
5223000 0.0179425837
5225500 0.0179425837
5226000 0.0132370638
5228500 0.0132370638
5229000 0.0167865707
5231500 0.0167865707
5232000 0.0203349282
5234500 0.0203349282
5235000 0.0191616766
5237500 0.0191616766
5238000 0.0144404332
5240500 0.0144404332
5241000 0.0179640719
5243500 0.0179640719
5244000 0.0203106332
5246500 0.0203106332
5247000 0.0203106332
5249500 0.0203106332
5250000 0.0214797136
5252500 0.0214797136
5253000 0.0203349282
5255500 0.0203349282
5256000 0.0180072029
5258500 0.0180072029
5259000 0.0156626506
5261500 0.0156626506
5262000 0.0168269231
5264500 0.0168269231
5265000 0.019138756
5267500 0.019138756
5268000 0.0143884892
5270500 0.0143884892
5271000 0.0167664671
5273500 0.0167664671
5274000 0.0179425837
5276500 0.0179425837
5277000 0.0191158901
5279500 0.0191158901
5280000 0.0191158901
5282500 0.0191158901
5283000 0.0179640719
5285500 0.0179640719
5286000 0.01558753
5288500 0.01558753
5289000 0.0143884892
5291500 0.0143884892
5292000 0.0167264038
5294500 0.0167264038
5295000 0.0190249703
5297500 0.0190249703
5298000 0.0190023753
5300500 0.0190023753
5301000 0.0201660735
5303500 0.0201660735
5304000 0.0178359096
5306500 0.0178359096
5307000 0.0190249703
5309500 0.0190249703
5310000 0.0166666667
5312500 0.0166666667
5313000 0.0190023753
5315500 0.0190023753
5316000 0.0166666667
5318500 0.0166666667
5319000 0.0190023753
5321500 0.0190023753
5322000 0.0190023753
5324500 0.0190023753
5325000 0.0190023753
5327500 0.0190023753
5328000 0.0189125296
5330500 0.0189125296
5331000 0.0189125296
5333500 0.0189125296
5334000 0.0177935943
5336500 0.0177935943
5337000 0.0201421801
5339500 0.0201421801
5340000 0.0201660735
5342500 0.0201660735
5343000 0.0224852071
5345500 0.0224852071
5346000 0.0236406619
5348500 0.0236406619
5349000 0.0224586288
5351500 0.0224586288
5352000 0.0247933884
5354500 0.0247933884
5355000 0.0259433962
5357500 0.0259433962
5358000 0.0247641509
5360500 0.0247641509
5361000 0.0213017751
5363500 0.0213017751
5364000 0.019047619
5366500 0.019047619
5367000 0.0202140309
5369500 0.0202140309
5370000 0.0225385528
5372500 0.0225385528
5373000 0.0178997613
5375500 0.0178997613
5376000 0.0190930788
5378500 0.0190930788
5379000 0.0155688623
5381500 0.0155688623
5382000 0.0155688623
5384500 0.0155688623
5385000 0.017921147
5387500 0.017921147
5388000 0.0191158901
5390500 0.0191158901
5391000 0.0202622169
5393500 0.0202622169
5394000 0.0190703218
5396500 0.0190703218
5397000 0.017921147
5399500 0.017921147
5400000 0.0214285714
5402500 0.0214285714
5403000 0.0202622169
5405500 0.0202622169
5406000 0.0190930788
5408500 0.0190930788
5409000 0.0202622169
5411500 0.0202622169
5412000 0.0202863962
5414500 0.0202863962
5415000 0.0238379023
5417500 0.0238379023
5418000 0.022673031
5420500 0.022673031
5421000 0.0215311005
5423500 0.0215311005
5424000 0.0227001195
5426500 0.0227001195
5427000 0.0203592814
5429500 0.0203592814
5430000 0.0191846523
5432500 0.0191846523
5433000 0.0191616766
5435500 0.0191616766
5436000 0.0168269231
5438500 0.0168269231
5439000 0.0191846523
5441500 0.0191846523
5442000 0.0179856115
5444500 0.0179856115
5445000 0.0144404332
5447500 0.0144404332
5448000 0.0156062425
5450500 0.0156062425
5451000 0.0144230769
5453500 0.0144230769
5454000 0.0132052821
5456500 0.0132052821
5457000 0.0120192308
5459500 0.0120192308
5460000 0.0167264038
5462500 0.0167264038
5463000 0.0120336943
5465500 0.0120336943
5466000 0.0132211538
5468500 0.0132211538
5469000 0.0120192308
5471500 0.0120192308
5472000 0.0190703218
5474500 0.0190703218
5475000 0.019047619
5477500 0.019047619
5478000 0.0201660735
5480500 0.0201660735
5481000 0.0201900238
5483500 0.0201900238
5484000 0.0213017751
5486500 0.0213017751
5487000 0.0189798339
5489500 0.0189798339
5490000 0.0154761905
5492500 0.0154761905
5493000 0.0154761905
5495500 0.0154761905
5496000 0.0154761905
5498500 0.0154761905
5499000 0.018957346
5501500 0.018957346
5502000 0.0200708383
5504500 0.0200708383
5505000 0.0212264151
5507500 0.0212264151
5508000 0.0200708383
5510500 0.0200708383
5511000 0.0200471698
5513500 0.0200471698
5514000 0.0177304965
5516500 0.0177304965
5517000 0.0165876777
5519500 0.0165876777
5520000 0.0166073547
5522500 0.0166073547
5523000 0.0154394299
5525500 0.0154394299
5526000 0.0166270784
5528500 0.0166270784
5529000 0.016646849
5531500 0.016646849
5532000 0.0143027414
5534500 0.0143027414
5535000 0.0154761905
5537500 0.0154761905
5538000 0.0119331742
5540500 0.0119331742
5541000 0.0107398568
5543500 0.0107398568
5544000 0.00954653938
5546500 0.00954653938
5547000 0.00835322196
5549500 0.00835322196
5550000 0.00597371565
5552500 0.00597371565
5553000 0.00479041916
5555500 0.00479041916
5556000 0.00716845878
5558500 0.00716845878
5559000 0.00836320191
5561500 0.00836320191
5562000 0.00717703349
5564500 0.00717703349
5565000 0.0107398568
5567500 0.0107398568
5568000 0.0119474313
5570500 0.0119474313
5571000 0.0131264916
5573500 0.0131264916
5574000 0.0154761905
5576500 0.0154761905
5577000 0.0143027414
5579500 0.0143027414
5580000 0.0177725118
5582500 0.0177725118
5583000 0.0200945626
5585500 0.0200945626
5586000 0.0177514793
5588500 0.0177514793
5589000 0.013064133
5591500 0.013064133
5592000 0.0177304965
5594500 0.0177304965
5595000 0.0177304965
5597500 0.0177304965
5598000 0.0188902007
5600500 0.0188902007
5601000 0.0177095632
5603500 0.0177095632
5604000 0.0188902007
5606500 0.0188902007
5607000 0.0177304965
5609500 0.0177304965
5610000 0.0200235571
5612500 0.0200235571
5613000 0.0223266745
5615500 0.0223266745
5616000 0.0223529412
5618500 0.0223529412
5619000 0.0200471698
5621500 0.0200471698
5622000 0.0189125296
5624500 0.0189125296
5625000 0.0223792697
5627500 0.0223792697
5628000 0.0212014134
5630500 0.0212014134
5631000 0.0212014134
5633500 0.0212014134
5634000 0.0177304965
5636500 0.0177304965
5637000 0.0154211151
5639500 0.0154211151
5640000 0.0177514793
5642500 0.0177514793
5643000 0.0165876777
5645500 0.0165876777
5646000 0.0165876777
5648500 0.0165876777
5649000 0.0200708383
5651500 0.0200708383
5652000 0.0235294118
5654500 0.0235294118
5655000 0.0257913247
5657500 0.0257913247
5658000 0.0246189918
5660500 0.0246189918
5661000 0.0200471698
5663500 0.0200471698
5664000 0.0188679245
5666500 0.0188679245
5667000 0.0211764706
5669500 0.0211764706
5670000 0.0234741784
5672500 0.0234741784
5673000 0.02
5675500 0.02
5676000 0.0211515864
5678500 0.0211515864
5679000 0.02
5681500 0.02
5682000 0.021101993
5684500 0.021101993
5685000 0.0164512338
5687500 0.0164512338
5688000 0.0153121319
5690500 0.0153121319
5691000 0.0164705882
5693500 0.0164705882
5694000 0.0164512338
5696500 0.0164512338
5697000 0.0187793427
5699500 0.0187793427
5700000 0.0176056338
5702500 0.0176056338
5703000 0.0176056338
5705500 0.0176056338
5706000 0.0187793427
5708500 0.0187793427
5709000 0.0153121319
5711500 0.0153121319
5712000 0.0153121319
5714500 0.0153121319
5715000 0.0164705882
5717500 0.0164705882
5718000 0.0164512338
5720500 0.0164512338
5721000 0.0187573271
5723500 0.0187573271
5724000 0.0199063232
5726500 0.0199063232
5727000 0.0176470588
5729500 0.0176470588
5730000 0.0188014101
5732500 0.0188014101
5733000 0.0176470588
5735500 0.0176470588
5736000 0.0176470588
5738500 0.0176470588
5739000 0.016509434
5741500 0.016509434
5742000 0.0141843972
5744500 0.0141843972
5745000 0.0142011834
5747500 0.0142011834
5748000 0.00951248514
5750500 0.00951248514
5751000 0.00951248514
5753500 0.00951248514
5754000 0.00951248514
5756500 0.00951248514
5757000 0.00954653938
5759500 0.00954653938
5760000 0.0107142857
5762500 0.0107142857
5763000 0.0107015458
5765500 0.0107015458
5766000 0.0142180095
5768500 0.0142180095
5769000 0.0165484634
5771500 0.0165484634
5772000 0.0176886792
5774500 0.0176886792
5775000 0.02
5777500 0.02
5778000 0.0188457008
5780500 0.0188457008
5781000 0.02
5783500 0.02
5784000 0.0188457008
5786500 0.0188457008
5787000 0.0188457008
5789500 0.0188457008
5790000 0.0199530516
5792500 0.0199530516
5793000 0.0199530516
5795500 0.0199530516
5796000 0.0222482436
5798500 0.0222482436
5799000 0.0187573271
5801500 0.0187573271
5802000 0.0141342756
5804500 0.0141342756
5805000 0.012987013
5807500 0.012987013
5808000 0.0141509434
5810500 0.0141509434
5811000 0.0118343195
5813500 0.0118343195
5814000 0.0141676505
5816500 0.0141676505
5817000 0.016509434
5819500 0.016509434
5820000 0.0164899882
5822500 0.0164899882
5823000 0.0153121319
5825500 0.0153121319
5826000 0.0176470588
5828500 0.0176470588
5829000 0.0176470588
5831500 0.0176470588
5832000 0.0164705882
5834500 0.0164705882
5835000 0.0164705882
5837500 0.0164705882
5838000 0.0153301887
5840500 0.0153301887
5841000 0.0153301887
5843500 0.0153301887
5844000 0.0153482881
5846500 0.0153482881
5847000 0.016509434
5849500 0.016509434
5850000 0.0176470588
5852500 0.0176470588
5853000 0.0153301887
5855500 0.0153301887
5856000 0.0153301887
5858500 0.0153301887
5859000 0.0153301887
5861500 0.0153301887
5862000 0.0164899882
5864500 0.0164899882
5865000 0.0153301887
5867500 0.0153301887
5868000 0.0176470588
5870500 0.0176470588
5871000 0.0176470588
5873500 0.0176470588
5874000 0.0153664303
5876500 0.0153664303
5877000 0.0153664303
5879500 0.0153664303
5880000 0.0165289256
5882500 0.0165289256
5883000 0.0130486358
5885500 0.0130486358
5886000 0.0176886792
5888500 0.0176886792
5889000 0.0176886792
5891500 0.0176886792
5892000 0.016509434
5894500 0.016509434
5895000 0.0153301887
5897500 0.0153301887
5898000 0.0141509434
5900500 0.0141509434
5901000 0.012987013
5903500 0.012987013
5904000 0.0130023641
5906500 0.0130023641
5907000 0.0153301887
5909500 0.0153301887
5910000 0.012987013
5912500 0.012987013
5913000 0.0176470588
5915500 0.0176470588
5916000 0.0164899882
5918500 0.0164899882
5919000 0.0153121319
5921500 0.0153121319
5922000 0.0106761566
5924500 0.0106761566
5925000 0.0106761566
5927500 0.0106761566
5928000 0.0130177515
5930500 0.0130177515
5931000 0.00950118765
5933500 0.00950118765
5934000 0.00951248514
5936500 0.00951248514
5937000 0.0106761566
5939500 0.0106761566
5940000 0.0141676505
5942500 0.0141676505
5943000 0.0118343195
5945500 0.0118343195
5946000 0.0141676505
5948500 0.0141676505
5949000 0.0130177515
5951500 0.0130177515
5952000 0.0130023641
5954500 0.0130023641
5955000 0.0153121319
5957500 0.0153121319
5958000 0.0153301887
5960500 0.0153301887
5961000 0.0164899882
5963500 0.0164899882
5964000 0.016509434
5966500 0.016509434
5967000 0.0153482881
5969500 0.0153482881
5970000 0.0141843972
5972500 0.0141843972
5973000 0.0153301887
5975500 0.0153301887
5976000 0.0176056338
5978500 0.0176056338
5979000 0.0164512338
5981500 0.0164512338
5982000 0.0153121319
5984500 0.0153121319
5985000 0.0188014101
5987500 0.0188014101
5988000 0.0176470588
5990500 0.0176470588
5991000 0.0176678445
5993500 0.0176678445
5994000 0.0188014101
5996500 0.0188014101
5997000 0.017626322
5999500 0.017626322
6000000 0.017626322
