10 395
11 573
12 676
13 794
14 940
15 1013
16 838
17 809
18 681
19 505
20 358
21 260
22 207
23 98
24 53
25 27
26 11
27 2
3 3
4 5
5 29
6 65
7 128
8 244
803 1
804 42
805 85
806 66
807 60
808 37
809 93
810 164
811 221
812 193
813 239
814 290
815 306
816 392
817 378
818 281
819 233
820 209
821 178
822 125
823 179
824 230
825 288
826 302
827 344
828 318
829 255
830 245
831 333
832 326
833 401
834 469
835 392
836 332
837 238
838 91
839 126
840 95
841 136
842 80
843 72
844 15
845 7
846 26
847 19
848 7
9 367
