#STEP MOLFRAC_DIOX
2500 0.0189798339
3000 0.0236127509
5500 0.0236127509
6000 0.0259128386
8500 0.0259128386
9000 0.0212514758
11500 0.0212514758
12000 0.0212514758
14500 0.0212514758
15000 0.0200945626
17500 0.0200945626
18000 0.0200708383
20500 0.0200708383
21000 0.0165876777
23500 0.0165876777
24000 0.0153846154
26500 0.0153846154
27000 0.0165484634
29500 0.0165484634
30000 0.0118764846
32500 0.0118764846
33000 0.0118764846
35500 0.0118764846
36000 0.0107015458
38500 0.0107015458
39000 0.0107142857
41500 0.0107142857
42000 0.0130486358
44500 0.0130486358
45000 0.0118764846
47500 0.0118764846
48000 0.0118764846
50500 0.0118764846
51000 0.00950118765
53500 0.00950118765
54000 0.00831353919
56500 0.00831353919
57000 0.0106761566
59500 0.0106761566
60000 0.00951248514
62500 0.00951248514
63000 0.0118483412
65500 0.0118483412
66000 0.0141843972
68500 0.0141843972
69000 0.0130023641
71500 0.0130023641
72000 0.0153301887
74500 0.0153301887
75000 0.016509434
77500 0.016509434
78000 0.0176678445
80500 0.0176678445
81000 0.0188235294
83500 0.0188235294
84000 0.0177095632
86500 0.0177095632
87000 0.0165680473
89500 0.0165680473
90000 0.0177304965
92500 0.0177304965
93000 0.0188902007
95500 0.0188902007
96000 0.0177514793
98500 0.0177514793
99000 0.0142348754
101500 0.0142348754
102000 0.0154028436
104500 0.0154028436
105000 0.0165484634
107500 0.0165484634
108000 0.0200471698
110500 0.0200471698
111000 0.0165680473
113500 0.0165680473
114000 0.0165876777
116500 0.0165876777
117000 0.0154394299
119500 0.0154394299
120000 0.0154394299
122500 0.0154394299
123000 0.0153846154
125500 0.0153846154
126000 0.0142180095
128500 0.0142180095
129000 0.013064133
131500 0.013064133
132000 0.013064133
134500 0.013064133
135000 0.013064133
137500 0.013064133
138000 0.0154028436
140500 0.0154028436
141000 0.0165680473
143500 0.0165680473
144000 0.0165680473
146500 0.0165680473
147000 0.0154028436
149500 0.0154028436
150000 0.0142348754
152500 0.0142348754
153000 0.0165680473
155500 0.0165680473
156000 0.0142011834
158500 0.0142011834
159000 0.0142011834
161500 0.0142011834
162000 0.0118623962
164500 0.0118623962
165000 0.0142180095
167500 0.0142180095
168000 0.0130486358
170500 0.0130486358
171000 0.016509434
173500 0.016509434
174000 0.016509434
176500 0.016509434
177000 0.0153301887
179500 0.0153301887
180000 0.0130023641
182500 0.0130023641
183000 0.0130023641
185500 0.0130023641
186000 0.0106508876
188500 0.0106508876
189000 0.0106635071
191500 0.0106635071
192000 0.012987013
194500 0.012987013
195000 0.0141342756
197500 0.0141342756
198000 0.0106382979
200500 0.0106382979
201000 0.0129716981
203500 0.0129716981
204000 0.0117924528
206500 0.0117924528
207000 0.0141176471
209500 0.0141176471
210000 0.0129564193
212500 0.0129564193
213000 0.0129564193
215500 0.0129564193
216000 0.00944510035
218500 0.00944510035
219000 0.0117647059
221500 0.0117647059
222000 0.0129259694
224500 0.0129259694
225000 0.0129411765
227500 0.0129411765
228000 0.011778563
230500 0.011778563
231000 0.0106257379
233500 0.0106257379
234000 0.0129411765
236500 0.0129411765
237000 0.0129411765
239500 0.0129411765
240000 0.0129411765
242500 0.0129411765
243000 0.0117647059
245500 0.0117647059
246000 0.0129411765
248500 0.0129411765
249000 0.0175233645
251500 0.0175233645
252000 0.0163551402
254500 0.0163551402
255000 0.0151869159
257500 0.0151869159
258000 0.0151869159
260500 0.0151869159
261000 0.0151691949
263500 0.0151691949
264000 0.0140186916
266500 0.0140186916
267000 0.0105509965
269500 0.0105509965
270000 0.00938967136
272500 0.00938967136
273000 0.00705052879
275500 0.00705052879
276000 0.00819672131
278500 0.00819672131
279000 0.00934579439
281500 0.00934579439
282000 0.00934579439
284500 0.00934579439
285000 0.00935672515
287500 0.00935672515
288000 0.0105017503
290500 0.0105017503
291000 0.0139534884
293500 0.0139534884
294000 0.0139372822
296500 0.0139372822
297000 0.0104895105
299500 0.0104895105
300000 0.0104772992
302500 0.0104772992
303000 0.011627907
305500 0.011627907
306000 0.0116550117
308500 0.0116550117
309000 0.0127906977
311500 0.0127906977
312000 0.0127906977
314500 0.0127906977
315000 0.0116144019
317500 0.0116144019
318000 0.00931315483
320500 0.00931315483
321000 0.00814901048
323500 0.00814901048
324000 0.00813953488
326500 0.00813953488
327000 0.00926998841
329500 0.00926998841
330000 0.00928074246
332500 0.00928074246
333000 0.00813953488
335500 0.00813953488
336000 0.00929152149
338500 0.00929152149
339000 0.0104529617
341500 0.0104529617
342000 0.0104529617
344500 0.0104529617
345000 0.0116009281
347500 0.0116009281
348000 0.0138888889
350500 0.0138888889
351000 0.0104529617
353500 0.0104529617
354000 0.0104529617
356500 0.0104529617
357000 0.0127314815
359500 0.0127314815
360000 0.0116009281
362500 0.0116009281
363000 0.00930232558
365500 0.00930232558
366000 0.00930232558
368500 0.00930232558
369000 0.00932400932
371500 0.00932400932
372000 0.0104651163
374500 0.0104651163
375000 0.0116144019
377500 0.0116144019
378000 0.0116144019
380500 0.0116144019
381000 0.0116144019
383500 0.0116144019
384000 0.00698486612
386500 0.00698486612
387000 0.00698486612
389500 0.00698486612
390000 0.00813953488
392500 0.00813953488
393000 0.0046728972
395500 0.0046728972
396000 0.00814901048
398500 0.00814901048
399000 0.00700116686
401500 0.00700116686
402000 0.0058411215
404500 0.0058411215
405000 0.0058411215
407500 0.0058411215
408000 0.0058411215
410500 0.0058411215
411000 0.0104651163
413500 0.0104651163
414000 0.0116144019
416500 0.0116144019
417000 0.0116144019
419500 0.0116144019
420000 0.0104529617
422500 0.0104529617
423000 0.00814901048
425500 0.00814901048
426000 0.00583430572
428500 0.00583430572
429000 0.00814901048
431500 0.00814901048
432000 0.0104529617
434500 0.0104529617
435000 0.0116009281
437500 0.0116009281
438000 0.0104651163
440500 0.0104651163
441000 0.012775842
443500 0.012775842
444000 0.012775842
446500 0.012775842
447000 0.011627907
449500 0.011627907
450000 0.012775842
452500 0.012775842
453000 0.0127906977
455500 0.0127906977
456000 0.0128055879
458500 0.0128055879
459000 0.0128055879
461500 0.0128055879
462000 0.0139372822
464500 0.0139372822
465000 0.0127906977
467500 0.0127906977
468000 0.0139372822
470500 0.0139372822
471000 0.0127906977
473500 0.0127906977
474000 0.0128055879
476500 0.0128055879
477000 0.0105140187
479500 0.0105140187
480000 0.0128055879
482500 0.0128055879
483000 0.0105017503
485500 0.0105017503
486000 0.0105017503
488500 0.0105017503
489000 0.008168028
491500 0.008168028
492000 0.00931315483
494500 0.00931315483
495000 0.0104651163
497500 0.0104651163
498000 0.00931315483
500500 0.00931315483
501000 0.00931315483
503500 0.00931315483
504000 0.00815850816
506500 0.00815850816
507000 0.00929152149
509500 0.00929152149
510000 0.00929152149
512500 0.00929152149
513000 0.00813953488
515500 0.00813953488
516000 0.00929152149
518500 0.00929152149
519000 0.00814901048
521500 0.00814901048
522000 0.00699300699
524500 0.00699300699
525000 0.00814901048
527500 0.00814901048
528000 0.0104529617
530500 0.0104529617
531000 0.00814901048
533500 0.00814901048
534000 0.00813953488
536500 0.00813953488
537000 0.00814901048
539500 0.00814901048
540000 0.0104529617
542500 0.0104529617
543000 0.0104529617
545500 0.0104529617
546000 0.011627907
548500 0.011627907
549000 0.0127610209
551500 0.0127610209
552000 0.0127610209
554500 0.0127610209
555000 0.0127610209
557500 0.0127610209
558000 0.0116144019
560500 0.0116144019
561000 0.00932400932
563500 0.00932400932
564000 0.00934579439
566500 0.00934579439
567000 0.0105017503
569500 0.0105017503
570000 0.0105140187
572500 0.0105140187
573000 0.00935672515
575500 0.00935672515
576000 0.00935672515
578500 0.00935672515
579000 0.0116686114
581500 0.0116686114
582000 0.0128504673
584500 0.0128504673
585000 0.0151515152
587500 0.0151515152
588000 0.0128504673
590500 0.0128504673
591000 0.0105386417
593500 0.0105386417
594000 0.0105386417
596500 0.0105386417
597000 0.0128504673
599500 0.0128504673
600000 0.0151338766
602500 0.0151338766
603000 0.0128354726
605500 0.0128354726
606000 0.0116550117
608500 0.0116550117
609000 0.0116550117
611500 0.0116550117
612000 0.0105017503
614500 0.0105017503
615000 0.0105017503
617500 0.0105017503
618000 0.0128055879
620500 0.0128055879
621000 0.0128354726
623500 0.0128354726
624000 0.011682243
626500 0.011682243
627000 0.0128205128
629500 0.0128205128
630000 0.0128055879
632500 0.0128055879
633000 0.0128055879
635500 0.0128055879
636000 0.0128055879
638500 0.0128055879
639000 0.0150987224
641500 0.0150987224
642000 0.0173812283
644500 0.0173812283
645000 0.0162412993
647500 0.0162412993
648000 0.0162412993
650500 0.0162412993
651000 0.0162601626
653500 0.0162601626
654000 0.0185399768
656500 0.0185399768
657000 0.0151162791
659500 0.0151162791
660000 0.013986014
662500 0.013986014
663000 0.0105386417
665500 0.0105386417
666000 0.0128504673
668500 0.0128504673
669000 0.011682243
671500 0.011682243
672000 0.0128504673
674500 0.0128504673
675000 0.0116959064
677500 0.0116959064
678000 0.0116959064
680500 0.0116959064
681000 0.0116959064
683500 0.0116959064
684000 0.0105386417
686500 0.0105386417
687000 0.0105633803
689500 0.0105633803
690000 0.00822561692
692500 0.00822561692
693000 0.0070754717
695500 0.0070754717
696000 0.0070754717
698500 0.0070754717
699000 0.00706713781
701500 0.00706713781
702000 0.0117233294
704500 0.0117233294
705000 0.0128654971
707500 0.0128654971
708000 0.0140023337
710500 0.0140023337
711000 0.0151691949
713500 0.0151691949
714000 0.0116959064
716500 0.0116959064
717000 0.0116959064
719500 0.0116959064
720000 0.00705052879
722500 0.00705052879
723000 0.00821596244
725500 0.00821596244
726000 0.0093676815
728500 0.0093676815
729000 0.00937866354
731500 0.00937866354
732000 0.00937866354
734500 0.00937866354
735000 0.00705052879
737500 0.00705052879
738000 0.0082063306
740500 0.0082063306
741000 0.0093676815
743500 0.0093676815
744000 0.011682243
746500 0.011682243
747000 0.00937866354
749500 0.00937866354
750000 0.0105386417
752500 0.0105386417
753000 0.0105509965
755500 0.0105509965
756000 0.0105509965
758500 0.0105509965
759000 0.0105386417
761500 0.0105386417
762000 0.0116686114
764500 0.0116686114
765000 0.0128354726
767500 0.0128354726
768000 0.0151338766
770500 0.0151338766
771000 0.0162601626
773500 0.0162601626
774000 0.0151162791
776500 0.0151162791
777000 0.0128354726
779500 0.0128354726
780000 0.0128354726
782500 0.0128354726
783000 0.0105386417
785500 0.0105386417
786000 0.0105386417
788500 0.0105386417
789000 0.0128354726
791500 0.0128354726
792000 0.0128354726
794500 0.0128354726
795000 0.011682243
797500 0.011682243
798000 0.0105263158
800500 0.0105263158
801000 0.0105140187
803500 0.0105140187
804000 0.0105509965
806500 0.0105509965
807000 0.0105386417
809500 0.0105386417
810000 0.0105263158
812500 0.0105263158
813000 0.0105386417
815500 0.0105386417
816000 0.00821596244
818500 0.00821596244
819000 0.00937866354
821500 0.00937866354
822000 0.0105509965
824500 0.0105509965
825000 0.00823529412
827500 0.00823529412
828000 0.0117233294
830500 0.0117233294
831000 0.0117096019
833500 0.0117096019
834000 0.0105509965
836500 0.0105509965
837000 0.00938967136
839500 0.00938967136
840000 0.0105633803
842500 0.0105633803
843000 0.0105509965
845500 0.0105509965
846000 0.0105633803
848500 0.0105633803
849000 0.0105509965
851500 0.0105509965
852000 0.0105509965
854500 0.0105509965
855000 0.00822561692
857500 0.00822561692
858000 0.0105509965
860500 0.0105509965
861000 0.0117096019
863500 0.0117096019
864000 0.0140350877
866500 0.0140350877
867000 0.0128654971
869500 0.0128654971
870000 0.0140186916
872500 0.0140186916
873000 0.0117096019
875500 0.0117096019
876000 0.0140023337
878500 0.0140023337
879000 0.0128654971
881500 0.0128654971
882000 0.0105509965
884500 0.0105509965
885000 0.0105386417
887500 0.0105386417
888000 0.0117096019
890500 0.0117096019
891000 0.0105633803
893500 0.0105633803
894000 0.0105633803
896500 0.0105633803
897000 0.00823529412
899500 0.00823529412
900000 0.00706713781
902500 0.00706713781
903000 0.00824499411
905500 0.00824499411
906000 0.0105882353
908500 0.0105882353
909000 0.014084507
911500 0.014084507
912000 0.015258216
914500 0.015258216
915000 0.015258216
917500 0.015258216
918000 0.0129411765
920500 0.0129411765
921000 0.011778563
923500 0.011778563
924000 0.0129564193
926500 0.0129564193
927000 0.0106132075
929500 0.0106132075
930000 0.0106132075
932500 0.0106132075
933000 0.00944510035
935500 0.00944510035
936000 0.00710059172
938500 0.00710059172
939000 0.00710059172
941500 0.00710059172
942000 0.00827423168
944500 0.00827423168
945000 0.00944510035
947500 0.00944510035
948000 0.0152761457
950500 0.0152761457
951000 0.0152761457
953500 0.0152761457
954000 0.0152761457
956500 0.0152761457
957000 0.0164512338
959500 0.0164512338
960000 0.0130023641
962500 0.0130023641
963000 0.00948991696
965500 0.00948991696
966000 0.0118343195
968500 0.0118343195
969000 0.0118343195
971500 0.0118343195
972000 0.00831353919
974500 0.00831353919
975000 0.00830367734
977500 0.00830367734
978000 0.00947867299
980500 0.00947867299
981000 0.0129716981
983500 0.0129716981
984000 0.0141509434
986500 0.0141509434
987000 0.0153301887
989500 0.0153301887
990000 0.0164899882
992500 0.0164899882
993000 0.0141676505
995500 0.0141676505
996000 0.00948991696
998500 0.00948991696
999000 0.0118343195
1001500 0.0118343195
1002000 0.0118483412
1004500 0.0118483412
1005000 0.0106761566
1007500 0.0106761566
1008000 0.0130177515
1010500 0.0130177515
1011000 0.00950118765
1013500 0.00950118765
1014000 0.00832342449
1016500 0.00832342449
1017000 0.00476758045
1019500 0.00476758045
1020000 0.00476758045
1022500 0.00476758045
1023000 0.00477897252
1025500 0.00477897252
1026000 0.00952380952
1028500 0.00952380952
1029000 0.00952380952
1031500 0.00952380952
1032000 0.0130331754
1034500 0.0130331754
1035000 0.0130331754
1037500 0.0130331754
1038000 0.0142011834
1040500 0.0142011834
1041000 0.0130331754
1043500 0.0130331754
1044000 0.00833333333
1046500 0.00833333333
1047000 0.00950118765
1049500 0.00950118765
1050000 0.0130177515
1052500 0.0130177515
1053000 0.0141843972
1055500 0.0141843972
1056000 0.0165289256
1058500 0.0165289256
1059000 0.0165484634
1061500 0.0165484634
1062000 0.0176886792
1064500 0.0176886792
1065000 0.0153664303
1067500 0.0153664303
1068000 0.0153664303
1070500 0.0153664303
1071000 0.0176886792
1073500 0.0176886792
1074000 0.0176886792
1076500 0.0176886792
1077000 0.0165289256
1079500 0.0165289256
1080000 0.0153846154
1082500 0.0153846154
1083000 0.0153846154
1085500 0.0153846154
1086000 0.0118906064
1088500 0.0118906064
1089000 0.0142180095
1091500 0.0142180095
1092000 0.0165484634
1094500 0.0165484634
1095000 0.0142180095
1097500 0.0142180095
1098000 0.0118483412
1100500 0.0118483412
1101000 0.0118483412
1103500 0.0118483412
1104000 0.0165484634
1106500 0.0165484634
1107000 0.0165876777
1109500 0.0165876777
1110000 0.0130952381
1112500 0.0130952381
1113000 0.0131108462
1115500 0.0131108462
1116000 0.0131108462
1118500 0.0131108462
1119000 0.0154577883
1121500 0.0154577883
1122000 0.0166666667
1124500 0.0166666667
1125000 0.0154946365
1127500 0.0154946365
1128000 0.0143198091
1130500 0.0143198091
1131000 0.0154946365
1133500 0.0154946365
1134000 0.0143198091
1136500 0.0143198091
1137000 0.0166865316
1139500 0.0166865316
1140000 0.0154577883
1142500 0.0154577883
1143000 0.0154761905
1145500 0.0154761905
1146000 0.0178147268
1148500 0.0178147268
1149000 0.0178147268
1151500 0.0178147268
1152000 0.0178359096
1154500 0.0178359096
1155000 0.0190023753
1157500 0.0190023753
1158000 0.0190023753
1160500 0.0190023753
1161000 0.0201660735
1163500 0.0201660735
1164000 0.0212514758
1166500 0.0212514758
1167000 0.0189349112
1169500 0.0189349112
1170000 0.0189349112
1172500 0.0189349112
1173000 0.0166073547
1175500 0.0166073547
1176000 0.0165876777
1178500 0.0165876777
1179000 0.0142687277
1181500 0.0142687277
1182000 0.0154394299
1184500 0.0154394299
1185000 0.0142687277
1187500 0.0142687277
1188000 0.0154211151
1190500 0.0154211151
1191000 0.0177514793
1193500 0.0177514793
1194000 0.0200945626
1196500 0.0200945626
1197000 0.0200945626
1199500 0.0200945626
1200000 0.0177935943
1202500 0.0177935943
1203000 0.0177935943
1205500 0.0177935943
1206000 0.018957346
1208500 0.018957346
1209000 0.0224586288
1211500 0.0224586288
1212000 0.0225118483
1214500 0.0225118483
1215000 0.0202140309
1217500 0.0202140309
1218000 0.0190703218
1220500 0.0190703218
1221000 0.0190930788
1223500 0.0190930788
1224000 0.0190930788
1226500 0.0190930788
1227000 0.0190930788
1229500 0.0190930788
1230000 0.0214285714
1232500 0.0214285714
1233000 0.0178571429
1235500 0.0178571429
1236000 0.0166865316
1238500 0.0166865316
1239000 0.0190249703
1241500 0.0190249703
1242000 0.0213270142
1244500 0.0213270142
1245000 0.0190023753
1247500 0.0190023753
1248000 0.0166865316
1250500 0.0166865316
1251000 0.0166865316
1253500 0.0166865316
1254000 0.019047619
1256500 0.019047619
1257000 0.0155131265
1259500 0.0155131265
1260000 0.0143198091
1262500 0.0143198091
1263000 0.0131421744
1265500 0.0131421744
1266000 0.0143198091
1268500 0.0143198091
1269000 0.0178571429
1271500 0.0178571429
1272000 0.0155131265
1274500 0.0155131265
1275000 0.0167264038
1277500 0.0167264038
1278000 0.0143712575
1280500 0.0143712575
1281000 0.0155502392
1283500 0.0155502392
1284000 0.0143712575
1286500 0.0143712575
1287000 0.0155502392
1289500 0.0155502392
1290000 0.0167264038
1292500 0.0167264038
1293000 0.017921147
1295500 0.017921147
1296000 0.017921147
1298500 0.017921147
1299000 0.0167464115
1301500 0.0167464115
1302000 0.0167464115
1304500 0.0167464115
1305000 0.0167464115
1307500 0.0167464115
1308000 0.0190930788
1310500 0.0190930788
1311000 0.0178784267
1313500 0.0178784267
1314000 0.0202380952
1316500 0.0202380952
1317000 0.0178997613
1319500 0.0178997613
1320000 0.0167264038
1322500 0.0167264038
1323000 0.0167064439
1325500 0.0167064439
1326000 0.0143198091
1328500 0.0143198091
1329000 0.0166270784
1331500 0.0166270784
1332000 0.0142857143
1334500 0.0142857143
1335000 0.0119331742
1337500 0.0119331742
1338000 0.0130952381
1340500 0.0130952381
1341000 0.0142857143
1343500 0.0142857143
1344000 0.0154394299
1346500 0.0154394299
1347000 0.0154761905
1349500 0.0154761905
1350000 0.0154577883
1352500 0.0154577883
1353000 0.0154761905
1355500 0.0154761905
1356000 0.0131264916
1358500 0.0131264916
1359000 0.0154761905
1361500 0.0154761905
1362000 0.0143198091
1364500 0.0143198091
1365000 0.0131108462
1367500 0.0131108462
1368000 0.0107655502
1370500 0.0107655502
1371000 0.0119474313
1373500 0.0119474313
1374000 0.0143027414
1376500 0.0143027414
1377000 0.0166666667
1379500 0.0166666667
1380000 0.0154946365
1382500 0.0154946365
1383000 0.0143198091
1385500 0.0143198091
1386000 0.0107784431
1388500 0.0107784431
1389000 0.0154946365
1391500 0.0154946365
1392000 0.0143198091
1394500 0.0143198091
1395000 0.00959232614
1397500 0.00959232614
1398000 0.00959232614
1400500 0.00959232614
1401000 0.0107784431
1403500 0.0107784431
1404000 0.0107784431
1406500 0.0107784431
1407000 0.0107784431
1409500 0.0107784431
1410000 0.0107526882
1412500 0.0107526882
1413000 0.0119474313
1415500 0.0119474313
1416000 0.0131264916
1418500 0.0131264916
1419000 0.0142857143
1421500 0.0142857143
1422000 0.0166270784
1424500 0.0166270784
1425000 0.016646849
1427500 0.016646849
1428000 0.0154761905
1430500 0.0154761905
1431000 0.0119474313
1433500 0.0119474313
1434000 0.0107655502
1436500 0.0107655502
1437000 0.0131264916
1439500 0.0131264916
1440000 0.0143198091
1442500 0.0143198091
1443000 0.0155131265
1445500 0.0155131265
1446000 0.0201660735
1448500 0.0201660735
1449000 0.0201660735
1451500 0.0201660735
1452000 0.0190023753
1454500 0.0190023753
1455000 0.0201660735
1457500 0.0201660735
1458000 0.0213270142
1460500 0.0213270142
1461000 0.0213270142
1463500 0.0213270142
1464000 0.0213523132
1466500 0.0213523132
1467000 0.0201660735
1469500 0.0201660735
1470000 0.0178359096
1472500 0.0178359096
1473000 0.0178784267
1475500 0.0178784267
1476000 0.0201900238
1478500 0.0201900238
1479000 0.0178784267
1481500 0.0178784267
1482000 0.0178784267
1484500 0.0178784267
1485000 0.019047619
1487500 0.019047619
1488000 0.0202380952
1490500 0.0202380952
1491000 0.0202380952
1493500 0.0202380952
1494000 0.0178997613
1496500 0.0178997613
1497000 0.0167464115
1499500 0.0167464115
1500000 0.0202863962
1502500 0.0202863962
1503000 0.0226190476
1505500 0.0226190476
1506000 0.0203349282
1508500 0.0203349282
1509000 0.0215053763
1511500 0.0215053763
1512000 0.022673031
1514500 0.022673031
1515000 0.0226460072
1517500 0.0226460072
1518000 0.0214797136
1520500 0.0214797136
1521000 0.0226460072
1523500 0.0226460072
1524000 0.0203106332
1526500 0.0203106332
1527000 0.0179856115
1529500 0.0179856115
1530000 0.0214797136
1532500 0.0214797136
1533000 0.0226460072
1535500 0.0226460072
1536000 0.0191846523
1538500 0.0191846523
1539000 0.0168269231
1541500 0.0168269231
1542000 0.0227001195
1544500 0.0227001195
1545000 0.0215311005
1547500 0.0215311005
1548000 0.0168471721
1550500 0.0168471721
1551000 0.0215568862
1553500 0.0215568862
1554000 0.0191616766
1556500 0.0191616766
1557000 0.022673031
1559500 0.022673031
1560000 0.0215053763
1562500 0.0215053763
1563000 0.0144230769
1565500 0.0144230769
1566000 0.0167865707
1568500 0.0167865707
1569000 0.017921147
1571500 0.017921147
1572000 0.0167664671
1574500 0.0167664671
1575000 0.0167664671
1577500 0.0167664671
1578000 0.0191158901
1580500 0.0191158901
1581000 0.01558753
1583500 0.01558753
1584000 0.0167464115
1586500 0.0167464115
1587000 0.017921147
1589500 0.017921147
1590000 0.0167064439
1592500 0.0167064439
1593000 0.0167064439
1595500 0.0167064439
1596000 0.019047619
1598500 0.019047619
1599000 0.019047619
1601500 0.019047619
1602000 0.0178571429
1604500 0.0178571429
1605000 0.0154946365
1607500 0.0154946365
1608000 0.0154946365
1610500 0.0154946365
1611000 0.0143027414
1613500 0.0143027414
1614000 0.0143198091
1616500 0.0143198091
1617000 0.0178147268
1619500 0.0178147268
1620000 0.0189349112
1622500 0.0189349112
1623000 0.0200945626
1625500 0.0200945626
1626000 0.0177725118
1628500 0.0177725118
1629000 0.0200708383
1631500 0.0200708383
1632000 0.0200708383
1634500 0.0200708383
1635000 0.0212264151
1637500 0.0212264151
1638000 0.0212514758
1640500 0.0212514758
1641000 0.0200945626
1643500 0.0200945626
1644000 0.0212514758
1646500 0.0212514758
1647000 0.0212514758
1649500 0.0212514758
1650000 0.0188902007
1652500 0.0188902007
1653000 0.0188902007
1655500 0.0188902007
1656000 0.0188902007
1658500 0.0188902007
1659000 0.0177095632
1661500 0.0177095632
1662000 0.0188679245
1664500 0.0188679245
1665000 0.0188235294
1667500 0.0188235294
1668000 0.0200235571
1670500 0.0200235571
1671000 0.0177095632
1673500 0.0177095632
1674000 0.0154028436
1676500 0.0154028436
1677000 0.0142348754
1679500 0.0142348754
1680000 0.0153846154
1682500 0.0153846154
1683000 0.0188679245
1685500 0.0188679245
1686000 0.0165484634
1688500 0.0165484634
1689000 0.0177095632
1691500 0.0177095632
1692000 0.0177095632
1694500 0.0177095632
1695000 0.0165484634
1697500 0.0165484634
1698000 0.0211515864
1700500 0.0211515864
1701000 0.0188457008
1703500 0.0188457008
1704000 0.0188457008
1706500 0.0188457008
1707000 0.0188457008
1709500 0.0188457008
1710000 0.0223266745
1712500 0.0223266745
1713000 0.0188902007
1715500 0.0188902007
1716000 0.0165484634
1718500 0.0165484634
1719000 0.0153664303
1721500 0.0153664303
1722000 0.0153664303
1724500 0.0153664303
1725000 0.0153846154
1727500 0.0153846154
1728000 0.0153482881
1730500 0.0153482881
1731000 0.0106508876
1733500 0.0106508876
1734000 0.011820331
1736500 0.011820331
1737000 0.0106635071
1739500 0.0106635071
1740000 0.00951248514
1742500 0.00951248514
1743000 0.00951248514
1745500 0.00951248514
1746000 0.00951248514
1748500 0.00951248514
1749000 0.00951248514
1751500 0.00951248514
1752000 0.0118764846
1754500 0.0118764846
1755000 0.0118764846
1757500 0.0118764846
1758000 0.0153846154
1760500 0.0153846154
1761000 0.0142348754
1763500 0.0142348754
1764000 0.013064133
1766500 0.013064133
1767000 0.0153664303
1769500 0.0153664303
1770000 0.0153664303
1772500 0.0153664303
1773000 0.0176886792
1775500 0.0176886792
1776000 0.0177095632
1778500 0.0177095632
1779000 0.0177095632
1781500 0.0177095632
1782000 0.0176886792
1784500 0.0176886792
1785000 0.0189125296
1787500 0.0189125296
1788000 0.0189125296
1790500 0.0189125296
1791000 0.0189125296
1793500 0.0189125296
1794000 0.0189125296
1796500 0.0189125296
1797000 0.0188902007
1799500 0.0188902007
1800000 0.0165484634
1802500 0.0165484634
1803000 0.0165484634
1805500 0.0165484634
1806000 0.0130796671
1808500 0.0130796671
1809000 0.0119189511
1811500 0.0119189511
1812000 0.0142517815
1814500 0.0142517815
1815000 0.0119189511
1817500 0.0119189511
1818000 0.0119331742
1820500 0.0119331742
1821000 0.0130952381
1823500 0.0130952381
1824000 0.00955794504
1826500 0.00955794504
1827000 0.0107526882
1829500 0.0107526882
1830000 0.0107655502
1832500 0.0107655502
1833000 0.0119474313
1835500 0.0119474313
1836000 0.0119617225
1838500 0.0119617225
1839000 0.0119617225
1841500 0.0119617225
1842000 0.0119904077
1844500 0.0119904077
1845000 0.0108043217
1847500 0.0108043217
1848000 0.0120048019
1850500 0.0120048019
1851000 0.014354067
1853500 0.014354067
1854000 0.0155502392
1856500 0.0155502392
1857000 0.017921147
1859500 0.017921147
1860000 0.0167865707
1862500 0.0167865707
1863000 0.0156062425
1865500 0.0156062425
1866000 0.0168067227
1868500 0.0168067227
1869000 0.0156062425
1871500 0.0156062425
1872000 0.0144230769
1874500 0.0144230769
1875000 0.0144057623
1877500 0.0144057623
1878000 0.0132370638
1880500 0.0132370638
1881000 0.00966183575
1883500 0.00966183575
1884000 0.0143884892
1886500 0.0143884892
1887000 0.01558753
1889500 0.01558753
1890000 0.0214285714
1892500 0.0214285714
1893000 0.0202622169
1895500 0.0202622169
1896000 0.0202622169
1898500 0.0202622169
1899000 0.0202622169
1901500 0.0202622169
1902000 0.0202622169
1904500 0.0202622169
1905000 0.0190703218
1907500 0.0190703218
1908000 0.0213523132
1910500 0.0213523132
1911000 0.0213776722
1913500 0.0213776722
1914000 0.0236686391
1916500 0.0236686391
1917000 0.0225385528
1919500 0.0225385528
1920000 0.0225385528
1922500 0.0225385528
1923000 0.0225385528
1925500 0.0225385528
1926000 0.0213776722
1928500 0.0213776722
1929000 0.0225385528
1931500 0.0225385528
1932000 0.0225385528
1934500 0.0225385528
1935000 0.0213776722
1937500 0.0213776722
1938000 0.0178784267
1940500 0.0178784267
1941000 0.0202140309
1943500 0.0202140309
1944000 0.0237247924
1946500 0.0237247924
1947000 0.0225653207
1949500 0.0225653207
1950000 0.0225653207
1952500 0.0225653207
1953000 0.0237529691
1955500 0.0237529691
1956000 0.0225653207
1958500 0.0225653207
1959000 0.0202380952
1961500 0.0202380952
1962000 0.0167264038
1964500 0.0167264038
1965000 0.0120048019
1967500 0.0120048019
1968000 0.0155688623
1970500 0.0155688623
1971000 0.0131736527
1973500 0.0131736527
1974000 0.0167064439
1976500 0.0167064439
1977000 0.0155316607
1979500 0.0155316607
1980000 0.019047619
1982500 0.019047619
1983000 0.0167064439
1985500 0.0167064439
1986000 0.0202140309
1988500 0.0202140309
1989000 0.0178784267
1991500 0.0178784267
1992000 0.0225653207
1994500 0.0225653207
1995000 0.0202380952
1997500 0.0202380952
1998000 0.0167264038
2000500 0.0167264038
2001000 0.0143884892
2003500 0.0143884892
2004000 0.0120192308
2006500 0.0120192308
2007000 0.0108303249
2009500 0.0108303249
2010000 0.0120336943
2012500 0.0120336943
2013000 0.0132211538
2015500 0.0132211538
2016000 0.0132211538
2018500 0.0132211538
2019000 0.0143884892
2021500 0.0143884892
2022000 0.01558753
2024500 0.01558753
2025000 0.0167464115
2027500 0.0167464115
2028000 0.0214285714
2030500 0.0214285714
2031000 0.024911032
2033500 0.024911032
2034000 0.0237529691
2036500 0.0237529691
2037000 0.0260663507
2039500 0.0260663507
2040000 0.0225921522
2042500 0.0225921522
2043000 0.0202622169
2045500 0.0202622169
2046000 0.0202622169
2048500 0.0202622169
2049000 0.0214285714
2051500 0.0214285714
2052000 0.0260663507
2054500 0.0260663507
2055000 0.0272189349
2057500 0.0272189349
2058000 0.0260972716
2060500 0.0260972716
2061000 0.0237812128
2063500 0.0237812128
2064000 0.0226190476
2066500 0.0226190476
2067000 0.0214797136
2069500 0.0214797136
2070000 0.0249702735
2072500 0.0249702735
2073000 0.019138756
2075500 0.019138756
2076000 0.0203106332
2078500 0.0203106332
2079000 0.0202863962
2081500 0.0202863962
2082000 0.019138756
2084500 0.019138756
2085000 0.0179640719
2087500 0.0179640719
2088000 0.0167464115
2090500 0.0167464115
2091000 0.0190930788
2093500 0.0190930788
2094000 0.017921147
2096500 0.017921147
2097000 0.0202622169
2099500 0.0202622169
2100000 0.0190703218
2102500 0.0190703218
2103000 0.0202140309
2105500 0.0202140309
2106000 0.0190023753
2108500 0.0190023753
2109000 0.0189798339
2111500 0.0189798339
2112000 0.0201900238
2114500 0.0201900238
2115000 0.0213270142
2117500 0.0213270142
2118000 0.0224852071
2120500 0.0224852071
2121000 0.0213017751
2123500 0.0213017751
2124000 0.0212765957
2126500 0.0212765957
2127000 0.0166073547
2129500 0.0166073547
2130000 0.0154394299
2132500 0.0154394299
2133000 0.0107398568
2135500 0.0107398568
2136000 0.00954653938
2138500 0.00954653938
2139000 0.0118764846
2141500 0.0118764846
2142000 0.013064133
2144500 0.013064133
2145000 0.0142348754
2147500 0.0142348754
2148000 0.0142517815
2150500 0.0142517815
2151000 0.0177725118
2153500 0.0177725118
2154000 0.0189349112
2156500 0.0189349112
2157000 0.0189349112
2159500 0.0189349112
2160000 0.0177935943
2162500 0.0177935943
2163000 0.018957346
2165500 0.018957346
2166000 0.0142857143
2168500 0.0142857143
2169000 0.0142857143
2171500 0.0142857143
2172000 0.00956937799
2174500 0.00956937799
2175000 0.00956937799
2177500 0.00956937799
2178000 0.0131108462
2180500 0.0131108462
2181000 0.0143027414
2183500 0.0143027414
2184000 0.0154761905
2186500 0.0154761905
2187000 0.016646849
2189500 0.016646849
2190000 0.0143027414
2192500 0.0143027414
2193000 0.016646849
2195500 0.016646849
2196000 0.0142857143
2198500 0.0142857143
2199000 0.0166270784
2201500 0.0166270784
2202000 0.0154577883
2204500 0.0154577883
2205000 0.0166270784
2207500 0.0166270784
2208000 0.0166270784
2210500 0.0166270784
2211000 0.0177725118
2213500 0.0177725118
2214000 0.0177725118
2216500 0.0177725118
2217000 0.0166073547
2219500 0.0166073547
2220000 0.0247349823
2222500 0.0247349823
2223000 0.0247058824
2225500 0.0247058824
2226000 0.0247058824
2228500 0.0247058824
2229000 0.0269953052
2231500 0.0269953052
2232000 0.0258823529
2234500 0.0258823529
2235000 0.0224586288
2237500 0.0224586288
2238000 0.0236127509
2240500 0.0236127509
2241000 0.0259433962
2243500 0.0259433962
2244000 0.0213017751
2246500 0.0213017751
2247000 0.0166666667
2249500 0.0166666667
2250000 0.0143198091
2252500 0.0143198091
2253000 0.0143198091
2255500 0.0143198091
2256000 0.0119617225
2258500 0.0119617225
2259000 0.0143198091
2261500 0.0143198091
2262000 0.0119760479
2264500 0.0119760479
2265000 0.0131421744
2267500 0.0131421744
2268000 0.0143198091
2270500 0.0143198091
2271000 0.0131108462
2273500 0.0131108462
2274000 0.0107526882
2276500 0.0107526882
2277000 0.0143027414
2279500 0.0143027414
2280000 0.018957346
2282500 0.018957346
2283000 0.0213017751
2285500 0.0213017751
2286000 0.0201183432
2288500 0.0201183432
2289000 0.0201421801
2291500 0.0201421801
2292000 0.0178147268
2294500 0.0178147268
2295000 0.0201421801
2297500 0.0201421801
2298000 0.0201421801
2300500 0.0201421801
2301000 0.0178147268
2303500 0.0178147268
2304000 0.0154946365
2306500 0.0154946365
2307000 0.0143369176
2309500 0.0143369176
2310000 0.0155131265
2312500 0.0155131265
2313000 0.0166865316
2315500 0.0166865316
2316000 0.0178571429
2318500 0.0178571429
2319000 0.0166666667
2321500 0.0166666667
2322000 0.0154946365
2324500 0.0154946365
2325000 0.0154761905
2327500 0.0154761905
2328000 0.0166270784
2330500 0.0166270784
2331000 0.016646849
2333500 0.016646849
2334000 0.016646849
2336500 0.016646849
2337000 0.0166666667
2339500 0.0166666667
2340000 0.0178359096
2342500 0.0178359096
2343000 0.0166666667
2345500 0.0166666667
2346000 0.0143027414
2348500 0.0143027414
2349000 0.0178359096
2351500 0.0178359096
2352000 0.0166666667
2354500 0.0166666667
2355000 0.0213270142
2357500 0.0213270142
2358000 0.0201660735
2360500 0.0201660735
2361000 0.0190023753
2363500 0.0190023753
2364000 0.0213270142
2366500 0.0213270142
2367000 0.0213270142
2369500 0.0213270142
2370000 0.0236686391
2372500 0.0236686391
2373000 0.0247933884
2375500 0.0247933884
2376000 0.0201421801
2378500 0.0201421801
2379000 0.0213017751
2381500 0.0213017751
2382000 0.0213017751
2384500 0.0213017751
2385000 0.0178359096
2387500 0.0178359096
2388000 0.0143198091
2390500 0.0143198091
2391000 0.0190023753
2393500 0.0190023753
2394000 0.0201660735
2396500 0.0201660735
2397000 0.0190249703
2399500 0.0190249703
2400000 0.0155131265
2402500 0.0155131265
2403000 0.0119760479
2405500 0.0119760479
2406000 0.0155131265
2408500 0.0155131265
2409000 0.0190023753
2411500 0.0190023753
2412000 0.0166666667
2414500 0.0166666667
2415000 0.0119617225
2417500 0.0119617225
2418000 0.0154946365
2420500 0.0154946365
2421000 0.016646849
2423500 0.016646849
2424000 0.0131108462
2426500 0.0131108462
2427000 0.0154761905
2429500 0.0154761905
2430000 0.018957346
2432500 0.018957346
2433000 0.0201421801
2435500 0.0201421801
2436000 0.0201421801
2438500 0.0201421801
2439000 0.0224586288
2441500 0.0224586288
2442000 0.0236127509
2444500 0.0236127509
2445000 0.0201421801
2447500 0.0201421801
2448000 0.0213017751
2450500 0.0213017751
2451000 0.016646849
2453500 0.016646849
2454000 0.016646849
2456500 0.016646849
2457000 0.016646849
2459500 0.016646849
2460000 0.0166270784
2462500 0.0166270784
2463000 0.0165876777
2465500 0.0165876777
2466000 0.0189125296
2468500 0.0189125296
2469000 0.0189125296
2471500 0.0189125296
2472000 0.0177514793
2474500 0.0177514793
2475000 0.0165876777
2477500 0.0165876777
2478000 0.0189125296
2480500 0.0189125296
2481000 0.0177304965
2483500 0.0177304965
2484000 0.0177304965
2486500 0.0177304965
2487000 0.0189125296
2489500 0.0189125296
2490000 0.0166073547
2492500 0.0166073547
2493000 0.0201183432
2495500 0.0201183432
2496000 0.0189349112
2498500 0.0189349112
2499000 0.0177514793
2501500 0.0177514793
2502000 0.0166073547
2504500 0.0166073547
2505000 0.0165876777
2507500 0.0165876777
2508000 0.0166073547
2510500 0.0166073547
2511000 0.0154577883
2513500 0.0154577883
2514000 0.0166270784
2516500 0.0166270784
2517000 0.0154577883
2519500 0.0154577883
2520000 0.0154761905
2522500 0.0154761905
2523000 0.0178359096
2525500 0.0178359096
2526000 0.0154946365
2528500 0.0154946365
2529000 0.0154946365
2531500 0.0154946365
2532000 0.0119474313
2534500 0.0119474313
2535000 0.0131108462
2537500 0.0131108462
2538000 0.0131421744
2540500 0.0131421744
2541000 0.00959232614
2543500 0.00959232614
2544000 0.0107655502
2546500 0.0107655502
2547000 0.016646849
2549500 0.016646849
2550000 0.018957346
2552500 0.018957346
2553000 0.0177725118
2555500 0.0177725118
2556000 0.0189349112
2558500 0.0189349112
2559000 0.0166073547
2561500 0.0166073547
2562000 0.0177514793
2564500 0.0177514793
2565000 0.0189125296
2567500 0.0189125296
2568000 0.0212264151
2570500 0.0212264151
2571000 0.0200945626
2573500 0.0200945626
2574000 0.0200708383
2576500 0.0200708383
2577000 0.016646849
2579500 0.016646849
2580000 0.0154761905
2582500 0.0154761905
2583000 0.0154946365
2585500 0.0154946365
2586000 0.0178359096
2588500 0.0178359096
2589000 0.0201660735
2591500 0.0201660735
2592000 0.0190023753
2594500 0.0190023753
2595000 0.0154946365
2597500 0.0154946365
2598000 0.0166865316
2600500 0.0166865316
2601000 0.0131108462
2603500 0.0131108462
2604000 0.0119331742
2606500 0.0119331742
2607000 0.0131108462
2609500 0.0131108462
2610000 0.0142687277
2612500 0.0142687277
2613000 0.0142857143
2615500 0.0142857143
2616000 0.0166666667
2618500 0.0166666667
2619000 0.0166865316
2621500 0.0166865316
2622000 0.0143369176
2624500 0.0143369176
2625000 0.0166865316
2627500 0.0166865316
2628000 0.0154761905
2630500 0.0154761905
2631000 0.0143027414
2633500 0.0143027414
2634000 0.0131264916
2636500 0.0131264916
2637000 0.0143198091
2639500 0.0143198091
2640000 0.0131264916
2642500 0.0131264916
2643000 0.0154761905
2645500 0.0154761905
2646000 0.016646849
2648500 0.016646849
2649000 0.0107655502
2651500 0.0107655502
2652000 0.00840336134
2654500 0.00840336134
2655000 0.0119760479
2657500 0.0119760479
2658000 0.0131736527
2660500 0.0131736527
2661000 0.0178359096
2663500 0.0178359096
2664000 0.0154577883
2666500 0.0154577883
2667000 0.0143027414
2669500 0.0143027414
2670000 0.0143198091
2672500 0.0143198091
2673000 0.0131264916
2675500 0.0131264916
2676000 0.0143027414
2678500 0.0143027414
2679000 0.0119474313
2681500 0.0119474313
2682000 0.0142857143
2684500 0.0142857143
2685000 0.0154394299
2687500 0.0154394299
2688000 0.0130952381
2690500 0.0130952381
2691000 0.0130796671
2693500 0.0130796671
2694000 0.0154211151
2696500 0.0154211151
2697000 0.0142348754
2699500 0.0142348754
2700000 0.013064133
2702500 0.013064133
2703000 0.0118906064
2705500 0.0118906064
2706000 0.0154211151
2708500 0.0154211151
2709000 0.0154577883
2711500 0.0154577883
2712000 0.0166270784
2714500 0.0166270784
2715000 0.0223792697
2717500 0.0223792697
2718000 0.0177935943
2720500 0.0177935943
2721000 0.0201421801
2723500 0.0201421801
2724000 0.0224586288
2726500 0.0224586288
2727000 0.0213017751
2729500 0.0213017751
2730000 0.0235849057
2732500 0.0235849057
2733000 0.0212765957
2735500 0.0212765957
2736000 0.0200945626
2738500 0.0200945626
2739000 0.0177935943
2741500 0.0177935943
2742000 0.0177935943
2744500 0.0177935943
2745000 0.0177935943
2747500 0.0177935943
2748000 0.0177725118
2750500 0.0177725118
2751000 0.0166073547
2753500 0.0166073547
2754000 0.0142687277
2756500 0.0142687277
2757000 0.0142687277
2759500 0.0142687277
2760000 0.0142687277
2762500 0.0142687277
2763000 0.0130796671
2765500 0.0130796671
2766000 0.0154211151
2768500 0.0154211151
2769000 0.0143027414
2771500 0.0143027414
2772000 0.0119331742
2774500 0.0119331742
2775000 0.0119047619
2777500 0.0119047619
2778000 0.0119331742
2780500 0.0119331742
2781000 0.0119331742
2783500 0.0119331742
2784000 0.0131108462
2786500 0.0131108462
2787000 0.0131264916
2789500 0.0131264916
2790000 0.0143027414
2792500 0.0143027414
2793000 0.0166666667
2795500 0.0166666667
2796000 0.0189798339
2798500 0.0189798339
2799000 0.0154761905
2801500 0.0154761905
2802000 0.0154761905
2804500 0.0154761905
2805000 0.0143198091
2807500 0.0143198091
2808000 0.0166666667
2810500 0.0166666667
2811000 0.0189798339
2813500 0.0189798339
2814000 0.0201183432
2816500 0.0201183432
2817000 0.0212765957
2819500 0.0212765957
2820000 0.0212765957
2822500 0.0212765957
2823000 0.0201183432
2825500 0.0201183432
2826000 0.0224056604
2828500 0.0224056604
2829000 0.0177725118
2831500 0.0177725118
2832000 0.0166073547
2834500 0.0166073547
2835000 0.0154394299
2837500 0.0154394299
2838000 0.0154028436
2840500 0.0154028436
2841000 0.0142348754
2843500 0.0142348754
2844000 0.0142348754
2846500 0.0142348754
2847000 0.0142180095
2849500 0.0142180095
2850000 0.0153846154
2852500 0.0153846154
2853000 0.0142348754
2855500 0.0142348754
2856000 0.0165289256
2858500 0.0165289256
2859000 0.0165289256
2861500 0.0165289256
2862000 0.0165876777
2864500 0.0165876777
2865000 0.0142180095
2867500 0.0142180095
2868000 0.0165484634
2870500 0.0165484634
2871000 0.0165484634
2873500 0.0165484634
2874000 0.0165680473
2876500 0.0165680473
2877000 0.0118906064
2879500 0.0118906064
2880000 0.0118764846
2882500 0.0118764846
2883000 0.0142348754
2885500 0.0142348754
2886000 0.0153846154
2888500 0.0153846154
2889000 0.013064133
2891500 0.013064133
2892000 0.00952380952
2894500 0.00952380952
2895000 0.0107142857
2897500 0.0107142857
2898000 0.013064133
2900500 0.013064133
2901000 0.0142348754
2903500 0.0142348754
2904000 0.0130796671
2906500 0.0130796671
2907000 0.0118764846
2909500 0.0118764846
2910000 0.0118906064
2912500 0.0118906064
2913000 0.0130331754
2915500 0.0130331754
2916000 0.0165289256
2918500 0.0165289256
2919000 0.0153664303
2921500 0.0153664303
2922000 0.0176678445
2924500 0.0176678445
2925000 0.016509434
2927500 0.016509434
2928000 0.016509434
2930500 0.016509434
2931000 0.0118483412
2933500 0.0118483412
2934000 0.0106761566
2936500 0.0106761566
2937000 0.00952380952
2939500 0.00952380952
2940000 0.00952380952
2942500 0.00952380952
2943000 0.0119047619
2945500 0.0119047619
2946000 0.0142517815
2948500 0.0142517815
2949000 0.0165680473
2951500 0.0165680473
2952000 0.0154028436
2954500 0.0154028436
2955000 0.0177304965
2957500 0.0177304965
2958000 0.0177304965
2960500 0.0177304965
2961000 0.0200708383
2963500 0.0200708383
2964000 0.0200708383
2966500 0.0200708383
2967000 0.0189125296
2969500 0.0189125296
2970000 0.0142517815
2972500 0.0142517815
2973000 0.0119189511
2975500 0.0119189511
2976000 0.0130952381
2978500 0.0130952381
2979000 0.0131264916
2981500 0.0131264916
2982000 0.0142687277
2984500 0.0142687277
2985000 0.0154577883
2987500 0.0154577883
2988000 0.0154394299
2990500 0.0154394299
2991000 0.0166073547
2993500 0.0166073547
2994000 0.0154211151
2996500 0.0154211151
2997000 0.0200708383
2999500 0.0200708383
3000000 0.0200708383
3002500 0.0200708383
3003000 0.0165876777
3005500 0.0165876777
3006000 0.0177304965
3008500 0.0177304965
3009000 0.0165876777
3011500 0.0165876777
3012000 0.0189349112
3014500 0.0189349112
3015000 0.0189349112
3017500 0.0189349112
3018000 0.0212514758
3020500 0.0212514758
3021000 0.0224056604
3023500 0.0224056604
3024000 0.0200945626
3026500 0.0200945626
3027000 0.0223792697
3029500 0.0223792697
3030000 0.0247058824
3032500 0.0247058824
3033000 0.0235849057
3035500 0.0235849057
3036000 0.0224586288
3038500 0.0224586288
3039000 0.0236127509
3041500 0.0236127509
3042000 0.0190023753
3044500 0.0190023753
3045000 0.0167064439
3047500 0.0167064439
3048000 0.014354067
3050500 0.014354067
3051000 0.0167064439
3053500 0.0167064439
3054000 0.0131578947
3056500 0.0131578947
3057000 0.0190703218
3059500 0.0190703218
3060000 0.0143884892
3062500 0.0143884892
3063000 0.0167464115
3065500 0.0167464115
3066000 0.017921147
3068500 0.017921147
3069000 0.0178997613
3071500 0.0178997613
3072000 0.0178997613
3074500 0.0178997613
3075000 0.0190703218
3077500 0.0190703218
3078000 0.017921147
3080500 0.017921147
3081000 0.0190930788
3083500 0.0190930788
3084000 0.0202863962
3086500 0.0202863962
3087000 0.0155688623
3089500 0.0155688623
3090000 0.0155688623
3092500 0.0155688623
3093000 0.0132211538
3095500 0.0132211538
3096000 0.0132370638
3098500 0.0132370638
3099000 0.00607533414
3101500 0.00607533414
3102000 0.00968523002
3104500 0.00968523002
3105000 0.0120772947
3107500 0.0120772947
3108000 0.0108695652
3110500 0.0108695652
3111000 0.013253012
3113500 0.013253012
3114000 0.0120772947
3116500 0.0120772947
3117000 0.0120772947
3119500 0.0120772947
3120000 0.0120918984
3122500 0.0120918984
3123000 0.0144752714
3125500 0.0144752714
3126000 0.0168471721
3128500 0.0168471721
3129000 0.0168471721
3131500 0.0168471721
3132000 0.0121065375
3134500 0.0121065375
3135000 0.0169082126
3137500 0.0169082126
3138000 0.015719468
3140500 0.015719468
3141000 0.0157384988
3143500 0.0157384988
3144000 0.0193470375
3146500 0.0193470375
3147000 0.0181378476
3149500 0.0181378476
3150000 0.0145808019
3152500 0.0145808019
3153000 0.015776699
3155500 0.015776699
3156000 0.0169491525
3158500 0.0169491525
3159000 0.0169286578
3161500 0.0169286578
3162000 0.0193003619
3164500 0.0193003619
3165000 0.0204819277
3167500 0.0204819277
3168000 0.0240096038
3170500 0.0240096038
3171000 0.0204819277
3173500 0.0204819277
3174000 0.0180940893
3176500 0.0180940893
3177000 0.0170109356
3179500 0.0170109356
3180000 0.0170316302
3182500 0.0170316302
3183000 0.0205811138
3185500 0.0205811138
3186000 0.0182038835
3188500 0.0182038835
3189000 0.0206060606
3191500 0.0206060606
3192000 0.0253012048
3194500 0.0253012048
3195000 0.0241254524
3197500 0.0241254524
3198000 0.020531401
3200500 0.020531401
3201000 0.020531401
3203500 0.020531401
3204000 0.0181598063
3206500 0.0181598063
3207000 0.015776699
3209500 0.015776699
3210000 0.0169082126
3212500 0.0169082126
3213000 0.0157004831
3215500 0.0157004831
3216000 0.0168471721
3218500 0.0168471721
3219000 0.0192076831
3221500 0.0192076831
3222000 0.0156626506
3224500 0.0156626506
3225000 0.022754491
3227500 0.022754491
3228000 0.0250596659
3230500 0.0250596659
3231000 0.0238948626
3233500 0.0238948626
3234000 0.0227001195
3236500 0.0227001195
3237000 0.0191846523
3239500 0.0191846523
3240000 0.0168269231
3242500 0.0168269231
3243000 0.0180505415
3245500 0.0180505415
3246000 0.0204326923
3248500 0.0204326923
3249000 0.0215568862
3251500 0.0215568862
3252000 0.0144404332
3254500 0.0144404332
3255000 0.0167664671
3257500 0.0167664671
3258000 0.0202622169
3260500 0.0202622169
3261000 0.0190703218
3263500 0.0190703218
3264000 0.0214030916
3266500 0.0214030916
3267000 0.0178997613
3269500 0.0178997613
3270000 0.0190703218
3272500 0.0190703218
3273000 0.0190930788
3275500 0.0190930788
3276000 0.0190703218
3278500 0.0190703218
3279000 0.0178997613
3281500 0.0178997613
3282000 0.0167064439
3284500 0.0167064439
3285000 0.0166865316
3287500 0.0166865316
3288000 0.0166865316
3290500 0.0166865316
3291000 0.0143369176
3293500 0.0143369176
3294000 0.0166865316
3296500 0.0166865316
3297000 0.0131736527
3299500 0.0131736527
3300000 0.0167064439
3302500 0.0167064439
3303000 0.0155502392
3305500 0.0155502392
3306000 0.0155502392
3308500 0.0155502392
3309000 0.0190930788
3311500 0.0190930788
3312000 0.0190703218
3314500 0.0190703218
3315000 0.0202380952
3317500 0.0202380952
3318000 0.0190703218
3320500 0.0190703218
3321000 0.0202380952
3323500 0.0202380952
3324000 0.0178997613
3326500 0.0178997613
3327000 0.019047619
3329500 0.019047619
3330000 0.0202380952
3332500 0.0202380952
3333000 0.0202863962
3335500 0.0202863962
3336000 0.017921147
3338500 0.017921147
3339000 0.0202863962
3341500 0.0202863962
3342000 0.019138756
3344500 0.019138756
3345000 0.0202863962
3347500 0.0202863962
3348000 0.021454112
3350500 0.021454112
3351000 0.021454112
3353500 0.021454112
3354000 0.0202622169
3356500 0.0202622169
3357000 0.0132052821
3359500 0.0132052821
3360000 0.0108303249
3362500 0.0108303249
3363000 0.0120192308
3365500 0.0120192308
3366000 0.0167464115
3368500 0.0167464115
3369000 0.0155502392
3371500 0.0155502392
3372000 0.0155688623
3374500 0.0155688623
3375000 0.0167464115
3377500 0.0167464115
3378000 0.017921147
3380500 0.017921147
3381000 0.0167664671
3383500 0.0167664671
3384000 0.0167464115
3386500 0.0167464115
3387000 0.0167464115
3389500 0.0167464115
3390000 0.017921147
3392500 0.017921147
3393000 0.017921147
3395500 0.017921147
3396000 0.0202863962
3398500 0.0202863962
3399000 0.0203106332
3401500 0.0203106332
3402000 0.0203106332
3404500 0.0203106332
3405000 0.0144230769
3407500 0.0144230769
3408000 0.0132370638
3410500 0.0132370638
3411000 0.0108564536
3413500 0.0108564536
3414000 0.0120336943
3416500 0.0120336943
3417000 0.0155688623
3419500 0.0155688623
3420000 0.0156062425
3422500 0.0156062425
3423000 0.0155688623
3425500 0.0155688623
3426000 0.0202622169
3428500 0.0202622169
3429000 0.0202622169
3431500 0.0202622169
3432000 0.0202380952
3434500 0.0202380952
3435000 0.0155316607
3437500 0.0155316607
3438000 0.0155316607
3440500 0.0155316607
3441000 0.0132052821
3443500 0.0132052821
3444000 0.0120192308
3446500 0.0120192308
3447000 0.0132370638
3449500 0.0132370638
3450000 0.0144404332
3452500 0.0144404332
3453000 0.0144404332
3455500 0.0144404332
3456000 0.0132211538
3458500 0.0132211538
3459000 0.00966183575
3461500 0.00966183575
3462000 0.01558753
3464500 0.01558753
3465000 0.0167664671
3467500 0.0167664671
3468000 0.0191158901
3470500 0.0191158901
3471000 0.0191158901
3473500 0.0191158901
3474000 0.01558753
3476500 0.01558753
3477000 0.0120481928
3479500 0.0120481928
3480000 0.0167865707
3482500 0.0167865707
3483000 0.0167865707
3485500 0.0167865707
3486000 0.015625
3488500 0.015625
3489000 0.0144404332
3491500 0.0144404332
3492000 0.0167865707
3494500 0.0167865707
3495000 0.0203106332
3497500 0.0203106332
3498000 0.0179640719
3500500 0.0179640719
3501000 0.0191158901
3503500 0.0191158901
3504000 0.0202380952
3506500 0.0202380952
3507000 0.0202380952
3509500 0.0202380952
3510000 0.0202863962
3512500 0.0202863962
3513000 0.0191158901
3515500 0.0191158901
3516000 0.0156062425
3518500 0.0156062425
3519000 0.0132370638
3521500 0.0132370638
3522000 0.0132211538
3524500 0.0132211538
3525000 0.0167664671
3527500 0.0167664671
3528000 0.0167664671
3530500 0.0167664671
3531000 0.0179425837
3533500 0.0179425837
3534000 0.0155502392
3536500 0.0155502392
3537000 0.0143712575
3539500 0.0143712575
3540000 0.0167264038
3542500 0.0167264038
3543000 0.0202140309
3545500 0.0202140309
3546000 0.0178997613
3548500 0.0178997613
3549000 0.0178784267
3551500 0.0178784267
3552000 0.0178997613
3554500 0.0178997613
3555000 0.0178997613
3557500 0.0178997613
3558000 0.0178784267
3560500 0.0178784267
3561000 0.0167064439
3563500 0.0167064439
3564000 0.0190703218
3566500 0.0190703218
3567000 0.017921147
3569500 0.017921147
3570000 0.0190930788
3572500 0.0190930788
3573000 0.0201900238
3575500 0.0201900238
3576000 0.0201421801
3578500 0.0201421801
3579000 0.0201183432
3581500 0.0201183432
3582000 0.0201183432
3584500 0.0201183432
3585000 0.0224586288
3587500 0.0224586288
3588000 0.0236127509
3590500 0.0236127509
3591000 0.0224586288
3593500 0.0224586288
3594000 0.0247349823
3596500 0.0247349823
3597000 0.0258823529
3599500 0.0258823529
3600000 0.0212765957
3602500 0.0212765957
3603000 0.0189798339
3605500 0.0189798339
3606000 0.0166270784
3608500 0.0166270784
3609000 0.0142517815
3611500 0.0142517815
3612000 0.0154394299
3614500 0.0154394299
3615000 0.0142687277
3617500 0.0142687277
3618000 0.0177935943
3620500 0.0177935943
3621000 0.0166270784
3623500 0.0166270784
3624000 0.0154394299
3626500 0.0154394299
3627000 0.0142687277
3629500 0.0142687277
3630000 0.0143027414
3632500 0.0143027414
3633000 0.0154761905
3635500 0.0154761905
3636000 0.0201183432
3638500 0.0201183432
3639000 0.018957346
3641500 0.018957346
3642000 0.018957346
3644500 0.018957346
3645000 0.0119189511
3647500 0.0119189511
3648000 0.0166073547
3650500 0.0166073547
3651000 0.0130952381
3653500 0.0130952381
3654000 0.0142857143
3656500 0.0142857143
3657000 0.0131108462
3659500 0.0131108462
3660000 0.0143027414
3662500 0.0143027414
3663000 0.016646849
3665500 0.016646849
3666000 0.0131108462
3668500 0.0131108462
3669000 0.0154577883
3671500 0.0154577883
3672000 0.0131264916
3674500 0.0131264916
3675000 0.0119617225
3677500 0.0119617225
3678000 0.0131578947
3680500 0.0131578947
3681000 0.0131578947
3683500 0.0131578947
3684000 0.0131578947
3686500 0.0131578947
3687000 0.0119760479
3689500 0.0119760479
3690000 0.0119760479
3692500 0.0119760479
3693000 0.0166666667
3695500 0.0166666667
3696000 0.0166666667
3698500 0.0166666667
3699000 0.0154946365
3701500 0.0154946365
3702000 0.0178147268
3704500 0.0178147268
3705000 0.0178147268
3707500 0.0178147268
3708000 0.0143198091
3710500 0.0143198091
3711000 0.0166666667
3713500 0.0166666667
3714000 0.0154761905
3716500 0.0154761905
3717000 0.0131264916
3719500 0.0131264916
3720000 0.0131264916
3722500 0.0131264916
3723000 0.0131108462
3725500 0.0131108462
3726000 0.00956937799
3728500 0.00956937799
3729000 0.0131108462
3731500 0.0131108462
3732000 0.0178359096
3734500 0.0178359096
3735000 0.0201660735
3737500 0.0201660735
3738000 0.0213270142
3740500 0.0213270142
3741000 0.0201660735
3743500 0.0201660735
3744000 0.0213523132
3746500 0.0213523132
3747000 0.0225118483
3749500 0.0225118483
3750000 0.0213523132
3752500 0.0213523132
3753000 0.0236686391
3755500 0.0236686391
3756000 0.0178784267
3758500 0.0178784267
3759000 0.0143369176
3761500 0.0143369176
3762000 0.0143369176
3764500 0.0143369176
3765000 0.0178571429
3767500 0.0178571429
3768000 0.0236686391
3770500 0.0236686391
3771000 0.0190023753
3773500 0.0190023753
3774000 0.0224586288
3776500 0.0224586288
3777000 0.0213270142
3779500 0.0213270142
3780000 0.0190023753
3782500 0.0190023753
3783000 0.0178147268
3785500 0.0178147268
3786000 0.0201421801
3788500 0.0201421801
3789000 0.0178147268
3791500 0.0178147268
3792000 0.0131421744
3794500 0.0131421744
3795000 0.0131264916
3797500 0.0131264916
3798000 0.0154761905
3800500 0.0154761905
3801000 0.0178147268
3803500 0.0178147268
3804000 0.0154577883
3806500 0.0154577883
3807000 0.0154577883
3809500 0.0154577883
3810000 0.018957346
3812500 0.018957346
3813000 0.0189798339
3815500 0.0189798339
3816000 0.0177304965
3818500 0.0177304965
3819000 0.0154028436
3821500 0.0154028436
3822000 0.0165680473
3824500 0.0165680473
3825000 0.0130486358
3827500 0.0130486358
3828000 0.0130177515
3830500 0.0130177515
3831000 0.0130177515
3833500 0.0130177515
3834000 0.0141676505
3836500 0.0141676505
3837000 0.0141676505
3839500 0.0141676505
3840000 0.0118343195
3842500 0.0118343195
3843000 0.0153301887
3845500 0.0153301887
3846000 0.0106635071
3848500 0.0106635071
3849000 0.00831353919
3851500 0.00831353919
3852000 0.00950118765
3854500 0.00950118765
3855000 0.0106635071
3857500 0.0106635071
3858000 0.0141509434
3860500 0.0141509434
3861000 0.0129716981
3863500 0.0129716981
3864000 0.00946745562
3866500 0.00946745562
3867000 0.0117924528
3869500 0.0117924528
3870000 0.0117924528
3872500 0.0117924528
3873000 0.0141176471
3875500 0.0141176471
3876000 0.0106382979
3878500 0.0106382979
3879000 0.0106257379
3881500 0.0106257379
3882000 0.00946745562
3884500 0.00946745562
3885000 0.00947867299
3887500 0.00947867299
3888000 0.0106508876
3890500 0.0106508876
3891000 0.0118063754
3893500 0.0118063754
3894000 0.0118063754
3896500 0.0118063754
3897000 0.0106382979
3899500 0.0106382979
3900000 0.00945626478
3902500 0.00945626478
3903000 0.00828402367
3905500 0.00828402367
3906000 0.0129716981
3908500 0.0129716981
3909000 0.0129564193
3911500 0.0129564193
3912000 0.0106257379
3914500 0.0106257379
3915000 0.0129564193
3917500 0.0129564193
3918000 0.0141010576
3920500 0.0141010576
3921000 0.0129411765
3923500 0.0129411765
3924000 0.0129411765
3926500 0.0129411765
3927000 0.0118063754
3929500 0.0118063754
3930000 0.00947867299
3932500 0.00947867299
3933000 0.0141509434
3935500 0.0141509434
3936000 0.0129716981
3938500 0.0129716981
3939000 0.0129716981
3941500 0.0129716981
3942000 0.0130023641
3944500 0.0130023641
3945000 0.0153121319
3947500 0.0153121319
3948000 0.0141342756
3950500 0.0141342756
3951000 0.0129564193
3953500 0.0129564193
3954000 0.011778563
3956500 0.011778563
3957000 0.0129564193
3959500 0.0129564193
3960000 0.00945626478
3962500 0.00945626478
3963000 0.00945626478
3965500 0.00945626478
3966000 0.0106132075
3968500 0.0106132075
3969000 0.0106132075
3971500 0.0106132075
3972000 0.00943396226
3974500 0.00943396226
3975000 0.00943396226
3977500 0.00943396226
3978000 0.0106007067
3980500 0.0106007067
3981000 0.0117508813
3983500 0.0117508813
3984000 0.0106007067
3986500 0.0106007067
3987000 0.0105882353
3989500 0.0105882353
3990000 0.0117647059
3992500 0.0117647059
3993000 0.0106007067
3995500 0.0106007067
3996000 0.0140679953
3998500 0.0140679953
3999000 0.0175233645
4001500 0.0175233645
4002000 0.0186480186
4004500 0.0186480186
4005000 0.019790454
4007500 0.019790454
4008000 0.0175029172
4010500 0.0175029172
4011000 0.0174825175
4013500 0.0174825175
4014000 0.0174825175
4016500 0.0174825175
4017000 0.0174621653
4019500 0.0174621653
4020000 0.0163170163
4022500 0.0163170163
4023000 0.0174621653
4025500 0.0174621653
4026000 0.0186046512
4028500 0.0186046512
4029000 0.0151691949
4031500 0.0151691949
4032000 0.0140186916
4034500 0.0140186916
4035000 0.0140350877
4037500 0.0140350877
4038000 0.016336056
4040500 0.016336056
4041000 0.016336056
4043500 0.016336056
4044000 0.0163170163
4046500 0.0163170163
4047000 0.0128654971
4049500 0.0128654971
4050000 0.0105509965
4052500 0.0105509965
4053000 0.0117096019
4055500 0.0117096019
4056000 0.0105509965
4058500 0.0105509965
4059000 0.00938967136
4061500 0.00938967136
4062000 0.00822561692
4064500 0.00822561692
4065000 0.00823529412
4067500 0.00823529412
4068000 0.00823529412
4070500 0.00823529412
4071000 0.00940070505
4073500 0.00940070505
4074000 0.0151869159
4076500 0.0151869159
4077000 0.0163170163
4079500 0.0163170163
4080000 0.0151691949
4082500 0.0151691949
4083000 0.016298021
4085500 0.016298021
4086000 0.0140350877
4088500 0.0140350877
4089000 0.0140186916
4091500 0.0140186916
4092000 0.0128805621
4094500 0.0128805621
4095000 0.0151869159
4097500 0.0151869159
4098000 0.0129107981
4100500 0.0129107981
4101000 0.0129259694
4103500 0.0129259694
4104000 0.0129259694
4106500 0.0129259694
4107000 0.0140515222
4109500 0.0140515222
4110000 0.0140515222
4112500 0.0140515222
4113000 0.0117508813
4115500 0.0117508813
4116000 0.00942285041
4118500 0.00942285041
4119000 0.0152403283
4121500 0.0152403283
4122000 0.014084507
4124500 0.014084507
4125000 0.0106132075
4127500 0.0106132075
4128000 0.0129411765
4130500 0.0129411765
4131000 0.0141010576
4133500 0.0141010576
4134000 0.0141010576
4136500 0.0141010576
4137000 0.0152941176
4139500 0.0152941176
4140000 0.0129716981
4142500 0.0129716981
4143000 0.0141176471
4145500 0.0141176471
4146000 0.0118063754
4148500 0.0118063754
4149000 0.00829383886
4151500 0.00829383886
4152000 0.0106257379
4154500 0.0106257379
4155000 0.0117924528
4157500 0.0117924528
4158000 0.0141010576
4160500 0.0141010576
4161000 0.0129411765
4163500 0.0129411765
4164000 0.0141176471
4166500 0.0141176471
4167000 0.0129564193
4169500 0.0129564193
4170000 0.0129716981
4172500 0.0129716981
4173000 0.0129716981
4175500 0.0129716981
4176000 0.0118063754
4178500 0.0118063754
4179000 0.0118063754
4181500 0.0118063754
4182000 0.012987013
4184500 0.012987013
4185000 0.0141676505
4187500 0.0141676505
4188000 0.0164899882
4190500 0.0164899882
4191000 0.0188014101
4193500 0.0188014101
4194000 0.0188235294
4196500 0.0188235294
4197000 0.02
4199500 0.02
4200000 0.016509434
4202500 0.016509434
4203000 0.0130177515
4205500 0.0130177515
4206000 0.0130177515
4208500 0.0130177515
4209000 0.0130177515
4211500 0.0130177515
4212000 0.0165289256
4214500 0.0165289256
4215000 0.0141843972
4217500 0.0141843972
4218000 0.0130177515
4220500 0.0130177515
4221000 0.0130177515
4223500 0.0130177515
4224000 0.0118623962
4226500 0.0118623962
4227000 0.0118623962
4229500 0.0118623962
4230000 0.0141676505
4232500 0.0141676505
4233000 0.012987013
4235500 0.012987013
4236000 0.0141509434
4238500 0.0141509434
4239000 0.012987013
4241500 0.012987013
4242000 0.0141509434
4244500 0.0141509434
4245000 0.0141509434
4247500 0.0141509434
4248000 0.0153301887
4250500 0.0153301887
4251000 0.0164899882
4253500 0.0164899882
4254000 0.0187793427
4256500 0.0187793427
4257000 0.0153301887
4259500 0.0153301887
4260000 0.0141843972
4262500 0.0141843972
4263000 0.0199764982
4265500 0.0199764982
4266000 0.0199530516
4268500 0.0199530516
4269000 0.0176470588
4271500 0.0176470588
4272000 0.0164899882
4274500 0.0164899882
4275000 0.011820331
4277500 0.011820331
4278000 0.0129716981
4280500 0.0129716981
4281000 0.00827423168
4283500 0.00827423168
4284000 0.011778563
4286500 0.011778563
4287000 0.0105882353
4289500 0.0105882353
4290000 0.00942285041
4292500 0.00942285041
4293000 0.0105757932
4295500 0.0105757932
4296000 0.00941176471
4298500 0.00941176471
4299000 0.0070754717
4301500 0.0070754717
4302000 0.00590318772
4304500 0.00590318772
4305000 0.00824499411
4307500 0.00824499411
4308000 0.0105757932
4310500 0.0105757932
4311000 0.0105882353
4313500 0.0105882353
4314000 0.0105882353
4316500 0.0105882353
4317000 0.0117508813
4319500 0.0117508813
4320000 0.0129411765
4322500 0.0129411765
4323000 0.0164126612
4325500 0.0164126612
4326000 0.0175849941
4328500 0.0175849941
4329000 0.0152761457
4331500 0.0152761457
4332000 0.0141342756
4334500 0.0141342756
4335000 0.0152941176
4337500 0.0152941176
4338000 0.0152761457
4340500 0.0152761457
4341000 0.0129564193
4343500 0.0129564193
4344000 0.0187573271
4346500 0.0187573271
4347000 0.0199063232
4349500 0.0199063232
4350000 0.017626322
4352500 0.017626322
4353000 0.012987013
4355500 0.012987013
4356000 0.0118063754
4358500 0.0118063754
4359000 0.011820331
4361500 0.011820331
4362000 0.011820331
4364500 0.011820331
4365000 0.0129716981
4367500 0.0129716981
4368000 0.0130023641
4370500 0.0130023641
4371000 0.011820331
4373500 0.011820331
4374000 0.00947867299
4376500 0.00947867299
4377000 0.00947867299
4379500 0.00947867299
4380000 0.00947867299
4382500 0.00947867299
4383000 0.012987013
4385500 0.012987013
4386000 0.012987013
4388500 0.012987013
4389000 0.0141509434
4391500 0.0141509434
4392000 0.0129564193
4394500 0.0129564193
4395000 0.0129564193
4397500 0.0129564193
4398000 0.0141010576
4400500 0.0141010576
4401000 0.0141176471
4403500 0.0141176471
4404000 0.0117924528
4406500 0.0117924528
4407000 0.0129564193
4409500 0.0129564193
4410000 0.0117924528
4412500 0.0117924528
4413000 0.0118343195
4415500 0.0118343195
4416000 0.0130023641
4418500 0.0130023641
4419000 0.0164899882
4421500 0.0164899882
4422000 0.0141676505
4424500 0.0141676505
4425000 0.012987013
4427500 0.012987013
4428000 0.012987013
4430500 0.012987013
4431000 0.0153121319
4433500 0.0153121319
4434000 0.0153121319
4436500 0.0153121319
4437000 0.0153301887
4439500 0.0153301887
4440000 0.0164899882
4442500 0.0164899882
4443000 0.0164899882
4445500 0.0164899882
4446000 0.0130177515
4448500 0.0130177515
4449000 0.0130331754
4451500 0.0130331754
4452000 0.0118623962
4454500 0.0118623962
4455000 0.0142011834
4457500 0.0142011834
4458000 0.0142011834
4460500 0.0142011834
4461000 0.0153664303
4463500 0.0153664303
4464000 0.0153482881
4466500 0.0153482881
4467000 0.0141676505
4469500 0.0141676505
4470000 0.0164705882
4472500 0.0164705882
4473000 0.0153121319
4475500 0.0153121319
4476000 0.0187793427
4478500 0.0187793427
4479000 0.0187793427
4481500 0.0187793427
4482000 0.0199530516
4484500 0.0199530516
4485000 0.0222482436
4487500 0.0222482436
4488000 0.021101993
4490500 0.021101993
4491000 0.0211267606
4493500 0.0211267606
4494000 0.0199530516
4496500 0.0199530516
4497000 0.0199530516
4499500 0.0199530516
4500000 0.0176470588
4502500 0.0176470588
4503000 0.0188014101
4505500 0.0188014101
4506000 0.0199530516
4508500 0.0199530516
4509000 0.0176470588
4511500 0.0176470588
4512000 0.0164899882
4514500 0.0164899882
4515000 0.0176678445
4517500 0.0176678445
4518000 0.0199530516
4520500 0.0199530516
4521000 0.0199530516
4523500 0.0199530516
4524000 0.0176470588
4526500 0.0176470588
4527000 0.0164899882
4529500 0.0164899882
4530000 0.0164899882
4532500 0.0164899882
4533000 0.0188014101
4535500 0.0188014101
4536000 0.0211267606
4538500 0.0211267606
4539000 0.0199764982
4541500 0.0199764982
4542000 0.0176886792
4544500 0.0176886792
4545000 0.0188457008
4547500 0.0188457008
4548000 0.0165289256
4550500 0.0165289256
4551000 0.0176678445
4553500 0.0176678445
4554000 0.0153301887
4556500 0.0153301887
4557000 0.0118343195
4559500 0.0118343195
4560000 0.0130023641
4562500 0.0130023641
4563000 0.0141843972
4565500 0.0141843972
4566000 0.0130023641
4568500 0.0130023641
4569000 0.0141676505
4571500 0.0141676505
4572000 0.0153121319
4574500 0.0153121319
4575000 0.0141509434
4577500 0.0141509434
4578000 0.0141843972
4580500 0.0141843972
4581000 0.0141843972
4583500 0.0141843972
4584000 0.016509434
4586500 0.016509434
4587000 0.0176678445
4589500 0.0176678445
4590000 0.0199764982
4592500 0.0199764982
4593000 0.0176678445
4595500 0.0176678445
4596000 0.0153121319
4598500 0.0153121319
4599000 0.0187793427
4601500 0.0187793427
4602000 0.0187793427
4604500 0.0187793427
4605000 0.0141509434
4607500 0.0141509434
4608000 0.0164705882
4610500 0.0164705882
4611000 0.0130023641
4613500 0.0130023641
4614000 0.012987013
4616500 0.012987013
4617000 0.0118063754
4619500 0.0118063754
4620000 0.00946745562
4622500 0.00946745562
4623000 0.011820331
4625500 0.011820331
4626000 0.00947867299
4628500 0.00947867299
4629000 0.00947867299
4631500 0.00947867299
4632000 0.0118063754
4634500 0.0118063754
4635000 0.0106382979
4637500 0.0106382979
4638000 0.0130023641
4640500 0.0130023641
4641000 0.0118483412
4643500 0.0118483412
4644000 0.0130023641
4646500 0.0130023641
4647000 0.0153301887
4649500 0.0153301887
4650000 0.0141509434
4652500 0.0141509434
4653000 0.0130023641
4655500 0.0130023641
4656000 0.0153482881
4658500 0.0153482881
4659000 0.016509434
4661500 0.016509434
4662000 0.016509434
4664500 0.016509434
4665000 0.0176678445
4667500 0.0176678445
4668000 0.0164899882
4670500 0.0164899882
4671000 0.0141509434
4673500 0.0141509434
4674000 0.0141509434
4676500 0.0141509434
4677000 0.0141509434
4679500 0.0141509434
4680000 0.0141509434
4682500 0.0141509434
4683000 0.0141676505
4685500 0.0141676505
4686000 0.0141509434
4688500 0.0141509434
4689000 0.0152941176
4691500 0.0152941176
4692000 0.015258216
4694500 0.015258216
4695000 0.0164126612
4697500 0.0164126612
4698000 0.0175644028
4700500 0.0175644028
4701000 0.0175644028
4703500 0.0175644028
4704000 0.0129259694
4706500 0.0129259694
4707000 0.0106007067
4709500 0.0106007067
4710000 0.0106132075
4712500 0.0106132075
4713000 0.00944510035
4715500 0.00944510035
4716000 0.0141010576
4718500 0.0141010576
4719000 0.0141010576
4721500 0.0141010576
4722000 0.0129411765
4724500 0.0129411765
4725000 0.0141176471
4727500 0.0141176471
4728000 0.0129564193
4730500 0.0129564193
4731000 0.00942285041
4733500 0.00942285041
4734000 0.0117508813
4736500 0.0117508813
4737000 0.00942285041
4739500 0.00942285041
4740000 0.0105882353
4742500 0.0105882353
4743000 0.0128956624
4745500 0.0128956624
4746000 0.0140350877
4748500 0.0140350877
4749000 0.0128956624
4751500 0.0128956624
4752000 0.0175438596
4754500 0.0175438596
4755000 0.0186915888
4757500 0.0186915888
4758000 0.0163934426
4760500 0.0163934426
4761000 0.014084507
4763500 0.014084507
4764000 0.0163934426
4766500 0.0163934426
4767000 0.0129411765
4769500 0.0129411765
4770000 0.0129411765
4772500 0.0129411765
4773000 0.0141176471
4775500 0.0141176471
4776000 0.0106257379
4778500 0.0106257379
4779000 0.0117924528
4781500 0.0117924528
4782000 0.0141176471
4784500 0.0141176471
4785000 0.0153121319
4787500 0.0153121319
4788000 0.0153482881
4790500 0.0153482881
4791000 0.0153482881
4793500 0.0153482881
4794000 0.0141843972
4796500 0.0141843972
4797000 0.0153482881
4799500 0.0153482881
4800000 0.0164899882
4802500 0.0164899882
4803000 0.0164705882
4805500 0.0164705882
4806000 0.0153121319
4808500 0.0153121319
4809000 0.0141509434
4811500 0.0141509434
4812000 0.0141342756
4814500 0.0141342756
4815000 0.0152941176
4817500 0.0152941176
4818000 0.0141176471
4820500 0.0141176471
4821000 0.0129564193
4823500 0.0129564193
4824000 0.011820331
4826500 0.011820331
4827000 0.0130023641
4829500 0.0130023641
4830000 0.0141676505
4832500 0.0141676505
4833000 0.0153482881
4835500 0.0153482881
4836000 0.0141676505
4838500 0.0141676505
4839000 0.0141509434
4841500 0.0141509434
4842000 0.0164705882
4844500 0.0164705882
4845000 0.0176056338
4847500 0.0176056338
4848000 0.0164512338
4850500 0.0164512338
4851000 0.0175644028
4853500 0.0175644028
4854000 0.0186915888
4856500 0.0186915888
4857000 0.0129259694
4859500 0.0129259694
4860000 0.0128956624
4862500 0.0128956624
4863000 0.0128956624
4865500 0.0128956624
4866000 0.0128956624
4868500 0.0128956624
4869000 0.0152046784
4871500 0.0152046784
4872000 0.0152046784
4874500 0.0152046784
4875000 0.0140515222
4877500 0.0140515222
4878000 0.0151869159
4880500 0.0151869159
4881000 0.0151869159
4883500 0.0151869159
4884000 0.0140515222
4886500 0.0140515222
4887000 0.0151691949
4889500 0.0151691949
4890000 0.0140023337
4892500 0.0140023337
4893000 0.016336056
4895500 0.016336056
4896000 0.0140350877
4898500 0.0140350877
4899000 0.00824499411
4901500 0.00824499411
4902000 0.00589622642
4904500 0.00589622642
4905000 0.00705882353
4907500 0.00705882353
4908000 0.00822561692
4910500 0.00822561692
4911000 0.00938967136
4913500 0.00938967136
4914000 0.0105757932
4916500 0.0105757932
4917000 0.0105757932
4919500 0.0105757932
4920000 0.0117233294
4922500 0.0117233294
4923000 0.0140515222
4925500 0.0140515222
4926000 0.0105633803
4928500 0.0105633803
4929000 0.00942285041
4931500 0.00942285041
4932000 0.00943396226
4934500 0.00943396226
4935000 0.0129259694
4937500 0.0129259694
4938000 0.0117508813
4940500 0.0117508813
4941000 0.0117370892
4943500 0.0117370892
4944000 0.0117370892
4946500 0.0117370892
4947000 0.0105757932
4949500 0.0105757932
4950000 0.0105633803
4952500 0.0105633803
4953000 0.00940070505
4955500 0.00940070505
4956000 0.00941176471
4958500 0.00941176471
4959000 0.0105633803
4961500 0.0105633803
4962000 0.00706713781
4964500 0.00706713781
4965000 0.00706713781
4967500 0.00706713781
4968000 0.0117370892
4970500 0.0117370892
4971000 0.0141010576
4973500 0.0141010576
4974000 0.015258216
4976500 0.015258216
4977000 0.015258216
4979500 0.015258216
4980000 0.0141010576
4982500 0.0141010576
4983000 0.015258216
4985500 0.015258216
4986000 0.0129564193
4988500 0.0129564193
4989000 0.0129411765
4991500 0.0129411765
4992000 0.0152224824
4994500 0.0152224824
4995000 0.0128956624
4997500 0.0128956624
4998000 0.0140515222
5000500 0.0140515222
5001000 0.0117370892
5003500 0.0117370892
5004000 0.0128805621
5006500 0.0128805621
5007000 0.0117233294
5009500 0.0117233294
5010000 0.00940070505
5012500 0.00940070505
5013000 0.0117233294
5015500 0.0117233294
5016000 0.0140186916
5018500 0.0140186916
5019000 0.0128504673
5021500 0.0128504673
5022000 0.0128654971
5024500 0.0128654971
5025000 0.0140350877
5027500 0.0140350877
5028000 0.0128805621
5030500 0.0128805621
5031000 0.0140515222
5033500 0.0140515222
5034000 0.0186480186
5036500 0.0186480186
5037000 0.0174825175
5039500 0.0174825175
5040000 0.019790454
5042500 0.019790454
5043000 0.019790454
5045500 0.019790454
5046000 0.0174825175
5048500 0.0174825175
5049000 0.0140515222
5051500 0.0140515222
5052000 0.0152046784
5054500 0.0152046784
5055000 0.0152046784
5057500 0.0152046784
5058000 0.0163551402
5060500 0.0163551402
5061000 0.0163551402
5063500 0.0163551402
5064000 0.0186480186
5066500 0.0186480186
5067000 0.018583043
5069500 0.018583043
5070000 0.0163170163
5072500 0.0163170163
5073000 0.0151691949
5075500 0.0151691949
5076000 0.0140186916
5078500 0.0140186916
5079000 0.0151869159
5081500 0.0151869159
5082000 0.0151691949
5084500 0.0151691949
5085000 0.0128504673
5087500 0.0128504673
5088000 0.013986014
5090500 0.013986014
5091000 0.0151691949
5093500 0.0151691949
5094000 0.0128654971
5096500 0.0128654971
5097000 0.0117096019
5099500 0.0117096019
5100000 0.0140186916
5102500 0.0140186916
5103000 0.0140186916
5105500 0.0140186916
5106000 0.0128504673
5108500 0.0128504673
5109000 0.0128504673
5111500 0.0128504673
5112000 0.0128354726
5114500 0.0128354726
5115000 0.0140023337
5117500 0.0140023337
5118000 0.0116959064
5120500 0.0116959064
5121000 0.00821596244
5123500 0.00821596244
5124000 0.0105386417
5126500 0.0105386417
5127000 0.00938967136
5129500 0.00938967136
5130000 0.00937866354
5132500 0.00937866354
5133000 0.0082063306
5135500 0.0082063306
5136000 0.0116686114
5138500 0.0116686114
5139000 0.0140023337
5141500 0.0140023337
5142000 0.0117096019
5144500 0.0117096019
5145000 0.0128654971
5147500 0.0128654971
5148000 0.0128504673
5150500 0.0128504673
5151000 0.0116959064
5153500 0.0116959064
5154000 0.00938967136
5156500 0.00938967136
5157000 0.00937866354
5159500 0.00937866354
5160000 0.00937866354
5162500 0.00937866354
5163000 0.00937866354
5165500 0.00937866354
5166000 0.0105386417
5168500 0.0105386417
5169000 0.0105263158
5171500 0.0105263158
5172000 0.0093676815
5174500 0.0093676815
5175000 0.0128504673
5177500 0.0128504673
5178000 0.0105263158
5180500 0.0105263158
5181000 0.0093676815
5183500 0.0093676815
5184000 0.0128354726
5186500 0.0128354726
5187000 0.0128504673
5189500 0.0128504673
5190000 0.0105509965
5192500 0.0105509965
5193000 0.00938967136
5195500 0.00938967136
5196000 0.00822561692
5198500 0.00822561692
5199000 0.00705052879
5201500 0.00705052879
5202000 0.00705882353
5204500 0.00705882353
5205000 0.0105386417
5207500 0.0105386417
5208000 0.00937866354
5210500 0.00937866354
5211000 0.00937866354
5213500 0.00937866354
5214000 0.00821596244
5216500 0.00821596244
5217000 0.00821596244
5219500 0.00821596244
5220000 0.00705052879
5222500 0.00705052879
5223000 0.00705052879
5225500 0.00705052879
5226000 0.00821596244
5228500 0.00821596244
5229000 0.0117096019
5231500 0.0117096019
5232000 0.0140186916
5234500 0.0140186916
5235000 0.0151691949
5237500 0.0151691949
5238000 0.0186046512
5240500 0.0186046512
5241000 0.0197444832
5243500 0.0197444832
5244000 0.0186263097
5246500 0.0186263097
5247000 0.0197674419
5249500 0.0197674419
5250000 0.0186480186
5252500 0.0186480186
5253000 0.0186263097
5255500 0.0186263097
5256000 0.0186697783
5258500 0.0186697783
5259000 0.0163551402
5261500 0.0163551402
5262000 0.0174621653
5264500 0.0174621653
5265000 0.0163170163
5267500 0.0163170163
5268000 0.0151515152
5270500 0.0151515152
5271000 0.016298021
5273500 0.016298021
5274000 0.0174418605
5276500 0.0174418605
5277000 0.0151515152
5279500 0.0151515152
5280000 0.0140023337
5282500 0.0140023337
5283000 0.0140023337
5285500 0.0140023337
5286000 0.0116959064
5288500 0.0116959064
5289000 0.0105263158
5291500 0.0105263158
5292000 0.011682243
5294500 0.011682243
5295000 0.00935672515
5297500 0.00935672515
5298000 0.00821596244
5300500 0.00821596244
5301000 0.00704225352
5303500 0.00704225352
5304000 0.0082063306
5306500 0.0082063306
5307000 0.0093676815
5309500 0.0093676815
5310000 0.0093676815
5312500 0.0093676815
5313000 0.0105140187
5315500 0.0105140187
5316000 0.00819672131
5318500 0.00819672131
5319000 0.0116550117
5321500 0.0116550117
5322000 0.0104895105
5324500 0.0104895105
5325000 0.0116414435
5327500 0.0116414435
5328000 0.0116414435
5330500 0.0116414435
5331000 0.00933488915
5333500 0.00933488915
5334000 0.0104895105
5336500 0.0104895105
5337000 0.00933488915
5339500 0.00933488915
5340000 0.00932400932
5342500 0.00932400932
5343000 0.00932400932
5345500 0.00932400932
5346000 0.00931315483
5348500 0.00931315483
5349000 0.0116144019
5351500 0.0116144019
5352000 0.0116144019
5354500 0.0116144019
5355000 0.00930232558
5357500 0.00930232558
5358000 0.00930232558
5360500 0.00930232558
5361000 0.0081300813
5363500 0.0081300813
5364000 0.0081300813
5366500 0.0081300813
5367000 0.0104046243
5369500 0.0104046243
5370000 0.00928074246
5372500 0.00928074246
5373000 0.0115740741
5375500 0.0115740741
5376000 0.0127020785
5378500 0.0127020785
5379000 0.0104166667
5381500 0.0104166667
5382000 0.0104046243
5384500 0.0104046243
5385000 0.00924855491
5387500 0.00924855491
5388000 0.0103926097
5390500 0.0103926097
5391000 0.0103926097
5393500 0.0103926097
5394000 0.0138248848
5396500 0.0138248848
5397000 0.0126874279
5399500 0.0126874279
5400000 0.0115473441
5402500 0.0115473441
5403000 0.0115606936
5405500 0.0115606936
5406000 0.012716763
5408500 0.012716763
5409000 0.0115606936
5411500 0.0115606936
5412000 0.00811123986
5414500 0.00811123986
5415000 0.00696055684
5417500 0.00696055684
5418000 0.00580720093
5420500 0.00580720093
5421000 0.00696055684
5423500 0.00696055684
5424000 0.00810185185
5426500 0.00810185185
5427000 0.00695249131
5429500 0.00695249131
5430000 0.00810185185
5432500 0.00810185185
5433000 0.0103806228
5435500 0.0103806228
5436000 0.0103806228
5438500 0.0103806228
5439000 0.0115207373
5441500 0.0115207373
5442000 0.0126728111
5444500 0.0126728111
5445000 0.0115340254
5447500 0.0115340254
5448000 0.0115473441
5450500 0.0115473441
5451000 0.00925925926
5453500 0.00925925926
5454000 0.00924855491
5456500 0.00924855491
5457000 0.0115340254
5459500 0.0115340254
5460000 0.00924855491
5462500 0.00924855491
5463000 0.00923787529
5465500 0.00923787529
5466000 0.0126582278
5468500 0.0126582278
5469000 0.0126582278
5471500 0.0126582278
5472000 0.0115074799
5474500 0.0115074799
5475000 0.00921658986
5477500 0.00921658986
5478000 0.00920598389
5480500 0.00920598389
5481000 0.00692840647
5483500 0.00692840647
5484000 0.00578034682
5486500 0.00578034682
5487000 0.00693641618
5489500 0.00693641618
5490000 0.00808314088
5492500 0.00808314088
5493000 0.00808314088
5495500 0.00808314088
5496000 0.00808314088
5498500 0.00808314088
5499000 0.00693641618
5501500 0.00693641618
5502000 0.00463499421
5504500 0.00463499421
5505000 0.00463499421
5507500 0.00463499421
5508000 0.00463499421
5510500 0.00463499421
5511000 0.00462962963
5513500 0.00462962963
5514000 0.00462427746
5516500 0.00462427746
5517000 0.00577367206
5519500 0.00577367206
5520000 0.00461361015
5522500 0.00461361015
5523000 0.00576036866
5525500 0.00576036866
5526000 0.00461361015
5528500 0.00461361015
5529000 0.00690448792
5531500 0.00690448792
5532000 0.00689655172
5534500 0.00689655172
5535000 0.00689655172
5537500 0.00689655172
5538000 0.00576036866
5540500 0.00576036866
5541000 0.00461361015
5543500 0.00461361015
5544000 0.00690448792
5546500 0.00690448792
5547000 0.00804597701
5549500 0.00804597701
5550000 0.00918484501
5552500 0.00918484501
5553000 0.0103092784
5555500 0.0103092784
5556000 0.0114416476
5558500 0.0114416476
5559000 0.0125714286
5561500 0.0125714286
5562000 0.0125570776
5564500 0.0125570776
5565000 0.0136830103
5567500 0.0136830103
5568000 0.0102974828
5570500 0.0102974828
5571000 0.0103092784
5573500 0.0103092784
5574000 0.0114285714
5576500 0.0114285714
5577000 0.0114416476
5579500 0.0114416476
5580000 0.00916380298
5582500 0.00916380298
5583000 0.0102857143
5585500 0.0102857143
5586000 0.0102974828
5588500 0.0102974828
5589000 0.00688863375
5591500 0.00688863375
5592000 0.00916380298
5594500 0.00916380298
5595000 0.00916380298
5597500 0.00916380298
5598000 0.00916380298
5600500 0.00916380298
5601000 0.00916380298
5603500 0.00916380298
5604000 0.00916380298
5606500 0.00916380298
5607000 0.00917431193
5609500 0.00917431193
5610000 0.00803673938
5612500 0.00803673938
5613000 0.00917431193
5615500 0.00917431193
5616000 0.00689655172
5618500 0.00689655172
5619000 0.00575373993
5621500 0.00575373993
5622000 0.00689655172
5624500 0.00689655172
5625000 0.00460829493
5627500 0.00460829493
5628000 0.00689655172
5630500 0.00689655172
5631000 0.00916380298
5633500 0.00916380298
5634000 0.00915331808
5636500 0.00915331808
5637000 0.00802752294
5639500 0.00802752294
5640000 0.00802752294
5642500 0.00802752294
5643000 0.00916380298
5645500 0.00916380298
5646000 0.00688863375
5648500 0.00688863375
5649000 0.00574052813
5651500 0.00574052813
5652000 0.00688073394
5654500 0.00688073394
5655000 0.00801832761
5657500 0.00801832761
5658000 0.00802752294
5660500 0.00802752294
5661000 0.0102974828
5663500 0.0102974828
5664000 0.00803673938
5666500 0.00803673938
5667000 0.00689655172
5669500 0.00689655172
5670000 0.00804597701
5672500 0.00804597701
5673000 0.0080552359
5675500 0.0080552359
5676000 0.0080552359
5678500 0.0080552359
5679000 0.0091954023
5681500 0.0091954023
5682000 0.00461893764
5684500 0.00461893764
5685000 0.00576701269
5687500 0.00576701269
5688000 0.00576701269
5690500 0.00576701269
5691000 0.0069124424
5693500 0.0069124424
5694000 0.00576701269
5696500 0.00576701269
5697000 0.00346020761
5699500 0.00346020761
5700000 0.0034562212
5702500 0.0034562212
5703000 0.00802752294
5705500 0.00802752294
5706000 0.00688863375
5708500 0.00688863375
5709000 0.00802752294
5711500 0.00802752294
5712000 0.00803673938
5714500 0.00803673938
5715000 0.00803673938
5717500 0.00803673938
5718000 0.00917431193
5720500 0.00917431193
5721000 0.0102974828
5723500 0.0102974828
5724000 0.00803673938
5726500 0.00803673938
5727000 0.00802752294
5729500 0.00802752294
5730000 0.00688863375
5732500 0.00688863375
5733000 0.00690448792
5735500 0.00690448792
5736000 0.00689655172
5738500 0.00689655172
5739000 0.00346820809
5741500 0.00346820809
5742000 0.00462427746
5744500 0.00462427746
5745000 0.00692041522
5747500 0.00692041522
5748000 0.0069124424
5750500 0.0069124424
5751000 0.00692041522
5753500 0.00692041522
5754000 0.00690448792
5756500 0.00690448792
5757000 0.00576701269
5759500 0.00576701269
5760000 0.0069124424
5762500 0.0069124424
5763000 0.0069124424
5765500 0.0069124424
5766000 0.0069124424
5768500 0.0069124424
5769000 0.00806451613
5771500 0.00806451613
5772000 0.00577367206
5774500 0.00577367206
5775000 0.00577367206
5777500 0.00577367206
5778000 0.00347624565
5780500 0.00347624565
5781000 0.00346820809
5783500 0.00346820809
5784000 0.00462427746
5786500 0.00462427746
5787000 0.00347222222
5789500 0.00347222222
5790000 0.00462427746
5792500 0.00462427746
5793000 0.00577367206
5795500 0.00577367206
5796000 0.00577367206
5798500 0.00577367206
5799000 0.00576701269
5801500 0.00576701269
5802000 0.00462427746
5804500 0.00462427746
5805000 0.00578034682
5807500 0.00578034682
5808000 0.00462427746
5810500 0.00462427746
5811000 0.00347222222
5813500 0.00347222222
5814000 0.00461893764
5816500 0.00461893764
5817000 0.00576036866
5819500 0.00576036866
5820000 0.00231213873
5822500 0.00231213873
5823000 0.00115740741
5825500 0.00115740741
5826000 0.00115606936
5828500 0.00115606936
5829000 0.00230946882
5831500 0.00230946882
5832000 0.00230946882
5834500 0.00230946882
5835000 0.0034562212
5837500 0.0034562212
5838000 0.00230414747
5840500 0.00230414747
5841000 0.0045924225
5843500 0.0045924225
5844000 0.00686498856
5846500 0.00686498856
5847000 0.00686498856
5849500 0.00686498856
5850000 0.00686498856
5852500 0.00686498856
5853000 0.00913242009
5855500 0.00913242009
5856000 0.00913242009
5858500 0.00913242009
5859000 0.00800915332
5861500 0.00800915332
5862000 0.00800915332
5864500 0.00800915332
5865000 0.00800915332
5867500 0.00800915332
5868000 0.00800915332
5870500 0.00800915332
5871000 0.00800915332
5873500 0.00800915332
5874000 0.00913242009
5876500 0.00913242009
5877000 0.00913242009
5879500 0.00913242009
5880000 0.0102505695
5882500 0.0102505695
5883000 0.0102505695
5885500 0.0102505695
5886000 0.0113765643
5888500 0.0113765643
5889000 0.0125
5891500 0.0125
5892000 0.0113765643
5894500 0.0113765643
5895000 0.0125
5897500 0.0125
5898000 0.0113765643
5900500 0.0113765643
5901000 0.0102622577
5903500 0.0102622577
5904000 0.0102505695
5906500 0.0102505695
5907000 0.00910125142
5909500 0.00910125142
5910000 0.00684931507
5912500 0.00684931507
5913000 0.00798175599
5915500 0.00798175599
5916000 0.00797266515
5918500 0.00797266515
5919000 0.00684931507
5921500 0.00684931507
5922000 0.00684931507
5924500 0.00684931507
5925000 0.00798175599
5927500 0.00798175599
5928000 0.00457665904
5930500 0.00457665904
5931000 0.0057208238
5933500 0.0057208238
5934000 0.00798175599
5936500 0.00798175599
5937000 0.00684150513
5939500 0.00684150513
5940000 0.00458190149
5942500 0.00458190149
5943000 0.0057208238
5945500 0.0057208238
5946000 0.00686498856
5948500 0.00686498856
5949000 0.00913242009
5951500 0.00913242009
5952000 0.0102739726
5954500 0.0102739726
5955000 0.0102857143
5957500 0.0102857143
5958000 0.0102974828
5960500 0.0102974828
5961000 0.0103092784
5963500 0.0103092784
5964000 0.0103092784
5966500 0.0103092784
5967000 0.00917431193
5969500 0.00917431193
5970000 0.0080552359
5972500 0.0080552359
5973000 0.0091954023
5975500 0.0091954023
5976000 0.0103448276
5978500 0.0103448276
5979000 0.0126146789
5981500 0.0126146789
5982000 0.0103448276
5984500 0.0103448276
5985000 0.0103448276
5987500 0.0103448276
5988000 0.0114810563
5990500 0.0114810563
5991000 0.0126291619
5993500 0.0126291619
5994000 0.0137614679
5996500 0.0137614679
5997000 0.0137614679
5999500 0.0137614679
6000000 0.0126291619
