1 15
10 930
11 1028
12 953
13 923
14 801
15 685
16 577
17 479
18 283
19 152
2 13
20 94
21 29
22 13
23 8
3 39
4 120
5 161
6 276
7 403
8 607
808 10
809 26
811 9
812 20
813 19
814 11
815 12
816 24
817 68
818 54
819 45
820 132
821 164
822 346
823 231
824 201
825 214
826 438
827 473
828 451
829 370
830 219
831 259
832 275
833 264
834 230
835 346
836 289
837 227
838 229
839 246
840 128
841 89
842 198
843 152
844 262
845 294
846 109
847 68
848 115
849 62
850 48
851 128
852 133
853 52
854 16
855 14
856 50
857 45
858 19
859 20
860 75
861 79
862 85
863 64
864 110
865 124
866 19
867 44
868 52
869 41
870 22
871 3
9 789
