1 7
10 789
11 847
12 956
13 827
14 875
15 702
16 580
17 390
18 263
19 156
2 14
20 105
21 37
22 27
23 14
24 5
3 47
4 66
5 100
6 236
7 353
8 540
808 8
809 13
810 5
811 52
812 4
813 27
814 23
815 11
816 9
817 34
818 45
819 85
820 214
821 212
822 287
823 294
824 216
825 264
826 521
827 573
828 368
829 317
830 254
831 239
832 226
833 187
834 291
835 361
836 295
837 167
838 176
839 216
840 127
841 121
842 227
843 264
844 408
845 342
846 194
847 94
848 136
849 73
850 75
851 79
852 133
853 50
854 36
855 28
856 64
857 44
858 39
859 55
860 28
861 102
862 87
863 86
864 129
865 153
866 36
867 12
868 47
869 47
870 41
871 27
9 686
